100 441 1680
1 0 10000
1 10 10
2 10 20
3 10 30
4 10 40
5 10 50
6 10 60
7 10 70
8 10 80
9 10 90
10 10 100
11 10 110
12 10 120
13 10 130
14 10 140
15 10 150
16 10 160
17 10 170
18 10 180
19 10 190
20 10 200
21 10 210
22 20 10
23 20 20
24 20 30
25 20 40
26 20 50
27 20 60
28 20 70
29 20 80
30 20 90
31 20 100
32 20 110
33 20 120
34 20 130
35 20 140
36 20 150
37 20 160
38 20 170
39 20 180
40 20 190
41 20 200
42 20 210
43 30 10
44 30 20
45 30 30
46 30 40
47 30 50
48 30 60
49 30 70
50 30 80
51 30 90
52 30 100
53 30 110
54 30 120
55 30 130
56 30 140
57 30 150
58 30 160
59 30 170
60 30 180
61 30 190
62 30 200
63 30 210
64 40 10
65 40 20
66 40 30
67 40 40
68 40 50
69 40 60
70 40 70
71 40 80
72 40 90
73 40 100
74 40 110
75 40 120
76 40 130
77 40 140
78 40 150
79 40 160
80 40 170
81 40 180
82 40 190
83 40 200
84 40 210
85 50 10
86 50 20
87 50 30
88 50 40
89 50 50
90 50 60
91 50 70
92 50 80
93 50 90
94 50 100
95 50 110
96 50 120
97 50 130
98 50 140
99 50 150
100 50 160
101 50 170
102 50 180
103 50 190
104 50 200
105 50 210
106 60 10
107 60 20
108 60 30
109 60 40
110 60 50
111 60 60
112 60 70
113 60 80
114 60 90
115 60 100
116 60 110
117 60 120
118 60 130
119 60 140
120 60 150
121 60 160
122 60 170
123 60 180
124 60 190
125 60 200
126 60 210
127 70 10
128 70 20
129 70 30
130 70 40
131 70 50
132 70 60
133 70 70
134 70 80
135 70 90
136 70 100
137 70 110
138 70 120
139 70 130
140 70 140
141 70 150
142 70 160
143 70 170
144 70 180
145 70 190
146 70 200
147 70 210
148 80 10
149 80 20
150 80 30
151 80 40
152 80 50
153 80 60
154 80 70
155 80 80
156 80 90
157 80 100
158 80 110
159 80 120
160 80 130
161 80 140
162 80 150
163 80 160
164 80 170
165 80 180
166 80 190
167 80 200
168 80 210
169 90 10
170 90 20
171 90 30
172 90 40
173 90 50
174 90 60
175 90 70
176 90 80
177 90 90
178 90 100
179 90 110
180 90 120
181 90 130
182 90 140
183 90 150
184 90 160
185 90 170
186 90 180
187 90 190
188 90 200
189 90 210
190 100 10
191 100 20
192 100 30
193 100 40
194 100 50
195 100 60
196 100 70
197 100 80
198 100 90
199 100 100
200 100 110
201 100 120
202 100 130
203 100 140
204 100 150
205 100 160
206 100 170
207 100 180
208 100 190
209 100 200
210 100 210
211 110 10
212 110 20
213 110 30
214 110 40
215 110 50
216 110 60
217 110 70
218 110 80
219 110 90
220 110 100
221 110 110
222 110 120
223 110 130
224 110 140
225 110 150
226 110 160
227 110 170
228 110 180
229 110 190
230 110 200
231 110 210
232 120 10
233 120 20
234 120 30
235 120 40
236 120 50
237 120 60
238 120 70
239 120 80
240 120 90
241 120 100
242 120 110
243 120 120
244 120 130
245 120 140
246 120 150
247 120 160
248 120 170
249 120 180
250 120 190
251 120 200
252 120 210
253 130 10
254 130 20
255 130 30
256 130 40
257 130 50
258 130 60
259 130 70
260 130 80
261 130 90
262 130 100
263 130 110
264 130 120
265 130 130
266 130 140
267 130 150
268 130 160
269 130 170
270 130 180
271 130 190
272 130 200
273 130 210
274 140 10
275 140 20
276 140 30
277 140 40
278 140 50
279 140 60
280 140 70
281 140 80
282 140 90
283 140 100
284 140 110
285 140 120
286 140 130
287 140 140
288 140 150
289 140 160
290 140 170
291 140 180
292 140 190
293 140 200
294 140 210
295 150 10
296 150 20
297 150 30
298 150 40
299 150 50
300 150 60
301 150 70
302 150 80
303 150 90
304 150 100
305 150 110
306 150 120
307 150 130
308 150 140
309 150 150
310 150 160
311 150 170
312 150 180
313 150 190
314 150 200
315 150 210
316 160 10
317 160 20
318 160 30
319 160 40
320 160 50
321 160 60
322 160 70
323 160 80
324 160 90
325 160 100
326 160 110
327 160 120
328 160 130
329 160 140
330 160 150
331 160 160
332 160 170
333 160 180
334 160 190
335 160 200
336 160 210
337 170 10
338 170 20
339 170 30
340 170 40
341 170 50
342 170 60
343 170 70
344 170 80
345 170 90
346 170 100
347 170 110
348 170 120
349 170 130
350 170 140
351 170 150
352 170 160
353 170 170
354 170 180
355 170 190
356 170 200
357 170 210
358 180 10
359 180 20
360 180 30
361 180 40
362 180 50
363 180 60
364 180 70
365 180 80
366 180 90
367 180 100
368 180 110
369 180 120
370 180 130
371 180 140
372 180 150
373 180 160
374 180 170
375 180 180
376 180 190
377 180 200
378 180 210
379 190 10
380 190 20
381 190 30
382 190 40
383 190 50
384 190 60
385 190 70
386 190 80
387 190 90
388 190 100
389 190 110
390 190 120
391 190 130
392 190 140
393 190 150
394 190 160
395 190 170
396 190 180
397 190 190
398 190 200
399 190 210
400 200 10
401 200 20
402 200 30
403 200 40
404 200 50
405 200 60
406 200 70
407 200 80
408 200 90
409 200 100
410 200 110
411 200 120
412 200 130
413 200 140
414 200 150
415 200 160
416 200 170
417 200 180
418 200 190
419 200 200
420 200 210
421 210 10
422 210 20
423 210 30
424 210 40
425 210 50
426 210 60
427 210 70
428 210 80
429 210 90
430 210 100
431 210 110
432 210 120
433 210 130
434 210 140
435 210 150
436 210 160
437 210 170
438 210 180
439 210 190
440 210 200
441 210 210
1 2 10.0 287 176
1 22 10.0 306 136
2 1 10.0 309 180
2 3 10.0 413 130
2 23 10.0 272 175
3 2 10.0 419 164
3 4 10.0 470 150
3 24 10.0 386 178
4 3 10.0 539 107
4 5 10.0 356 196
4 25 10.0 381 191
5 4 10.0 474 140
5 6 10.0 455 116
5 26 10.0 280 141
6 5 10.0 479 132
6 7 10.0 399 146
6 27 10.0 425 113
7 6 10.0 506 122
7 8 10.0 429 197
7 28 10.0 352 146
8 7 10.0 442 166
8 9 10.0 388 164
8 29 10.0 484 160
9 8 10.0 579 102
9 10 10.0 544 130
9 30 10.0 371 170
10 9 10.0 499 171
10 11 10.0 493 116
10 31 10.0 478 180
11 10 10.0 521 118
11 12 10.0 492 182
11 32 10.0 557 163
12 11 10.0 579 177
12 13 10.0 476 122
12 33 10.0 416 189
13 12 10.0 554 145
13 14 10.0 409 176
13 34 10.0 453 130
14 13 10.0 515 150
14 15 10.0 473 187
14 35 10.0 395 171
15 14 10.0 467 134
15 16 10.0 438 177
15 36 10.0 484 135
16 15 10.0 484 200
16 17 10.0 464 114
16 37 10.0 455 106
17 16 10.0 546 109
17 18 10.0 581 137
17 38 10.0 221 105
18 17 10.0 441 120
18 19 10.0 454 128
18 39 10.0 497 139
19 18 10.0 431 165
19 20 10.0 436 137
19 40 10.0 296 172
20 19 10.0 334 116
20 21 10.0 361 141
20 41 10.0 305 116
21 20 10.0 287 147
21 42 10.0 349 190
22 1 10.0 294 133
22 23 10.0 214 178
22 43 10.0 436 149
23 2 10.0 293 154
23 22 10.0 297 111
23 24 10.0 217 164
23 44 10.0 287 186
24 3 10.0 259 142
24 23 10.0 340 142
24 25 10.0 351 163
24 45 10.0 333 104
25 4 10.0 316 197
25 24 10.0 311 187
25 26 10.0 336 177
25 46 10.0 435 160
26 5 10.0 372 147
26 25 10.0 300 161
26 27 10.0 334 182
26 47 10.0 324 167
27 6 10.0 359 197
27 26 10.0 362 116
27 28 10.0 315 126
27 48 10.0 431 141
28 7 10.0 395 168
28 27 10.0 412 116
28 29 10.0 369 186
28 49 10.0 394 157
29 8 10.0 333 116
29 28 10.0 456 184
29 30 10.0 351 131
29 50 10.0 409 136
30 9 10.0 500 188
30 29 10.0 395 182
30 31 10.0 281 144
30 51 10.0 426 152
31 10 10.0 459 151
31 30 10.0 511 189
31 32 10.0 386 190
31 52 10.0 336 133
32 11 10.0 475 142
32 31 10.0 390 168
32 33 10.0 461 120
32 53 10.0 461 176
33 12 10.0 372 185
33 32 10.0 432 108
33 34 10.0 502 128
33 54 10.0 438 153
34 13 10.0 426 159
34 33 10.0 401 110
34 35 10.0 496 170
34 55 10.0 409 179
35 14 10.0 474 159
35 34 10.0 423 112
35 36 10.0 406 180
35 56 10.0 337 117
36 15 10.0 349 151
36 35 10.0 344 158
36 37 10.0 545 114
36 57 10.0 327 166
37 16 10.0 393 149
37 36 10.0 280 164
37 38 10.0 475 199
37 58 10.0 413 173
38 17 10.0 478 142
38 37 10.0 255 147
38 39 10.0 411 182
38 59 10.0 414 135
39 18 10.0 377 122
39 38 10.0 402 189
39 40 10.0 274 179
39 60 10.0 417 158
40 19 10.0 344 140
40 39 10.0 238 149
40 41 10.0 302 197
40 61 10.0 338 154
41 20 10.0 227 153
41 40 10.0 253 179
41 42 10.0 290 162
41 62 10.0 341 146
42 21 10.0 285 187
42 41 10.0 273 163
42 63 10.0 347 140
43 22 10.0 324 188
43 44 10.0 441 186
43 64 10.0 320 135
44 23 10.0 250 103
44 43 10.0 234 109
44 45 10.0 439 191
44 65 10.0 345 127
45 24 10.0 386 123
45 44 10.0 310 133
45 46 10.0 393 139
45 66 10.0 364 170
46 25 10.0 358 161
46 45 10.0 356 125
46 47 10.0 337 181
46 67 10.0 451 149
47 26 10.0 317 116
47 46 10.0 385 180
47 48 10.0 333 135
47 68 10.0 350 116
48 27 10.0 360 196
48 47 10.0 375 198
48 49 10.0 349 103
48 69 10.0 466 103
49 28 10.0 390 174
49 48 10.0 430 140
49 50 10.0 337 147
49 70 10.0 412 196
50 29 10.0 337 159
50 49 10.0 422 107
50 51 10.0 345 198
50 71 10.0 427 109
51 30 10.0 328 171
51 50 10.0 473 128
51 52 10.0 516 196
51 72 10.0 388 192
52 31 10.0 548 132
52 51 10.0 435 152
52 53 10.0 358 150
52 73 10.0 306 183
53 32 10.0 430 165
53 52 10.0 380 174
53 54 10.0 429 114
53 74 10.0 416 187
54 33 10.0 408 158
54 53 10.0 301 196
54 55 10.0 479 191
54 75 10.0 469 162
55 34 10.0 354 113
55 54 10.0 398 120
55 56 10.0 361 116
55 76 10.0 519 111
56 35 10.0 420 188
56 55 10.0 493 125
56 57 10.0 292 180
56 77 10.0 387 101
57 36 10.0 390 157
57 56 10.0 517 165
57 58 10.0 309 111
57 78 10.0 372 174
58 37 10.0 320 194
58 57 10.0 419 169
58 59 10.0 439 162
58 79 10.0 358 113
59 38 10.0 468 102
59 58 10.0 429 144
59 60 10.0 379 200
59 80 10.0 359 183
60 39 10.0 395 173
60 59 10.0 401 178
60 61 10.0 294 191
60 81 10.0 438 175
61 40 10.0 367 188
61 60 10.0 282 153
61 62 10.0 332 152
61 82 10.0 383 123
62 41 10.0 234 159
62 61 10.0 465 104
62 63 10.0 406 173
62 83 10.0 243 138
63 42 10.0 261 155
63 62 10.0 313 155
63 84 10.0 579 151
64 43 10.0 415 145
64 65 10.0 272 150
64 85 10.0 435 183
65 44 10.0 256 168
65 64 10.0 519 158
65 66 10.0 308 111
65 86 10.0 337 151
66 45 10.0 316 174
66 65 10.0 374 200
66 67 10.0 298 100
66 87 10.0 370 100
67 46 10.0 285 103
67 66 10.0 396 106
67 68 10.0 445 192
67 88 10.0 342 127
68 47 10.0 357 137
68 67 10.0 364 180
68 69 10.0 384 154
68 89 10.0 426 151
69 48 10.0 370 129
69 68 10.0 325 192
69 70 10.0 444 131
69 90 10.0 342 182
70 49 10.0 407 117
70 69 10.0 273 150
70 71 10.0 472 155
70 91 10.0 432 127
71 50 10.0 353 179
71 70 10.0 361 120
71 72 10.0 477 123
71 92 10.0 471 101
72 51 10.0 427 190
72 71 10.0 465 121
72 73 10.0 355 135
72 93 10.0 384 162
73 52 10.0 418 187
73 72 10.0 354 169
73 74 10.0 378 122
73 94 10.0 405 104
74 53 10.0 498 143
74 73 10.0 516 138
74 75 10.0 405 159
74 95 10.0 334 176
75 54 10.0 372 122
75 74 10.0 511 115
75 76 10.0 374 144
75 96 10.0 468 180
76 55 10.0 263 167
76 75 10.0 485 115
76 77 10.0 458 143
76 97 10.0 495 138
77 56 10.0 420 182
77 76 10.0 463 187
77 78 10.0 374 196
77 98 10.0 480 189
78 57 10.0 556 182
78 77 10.0 488 108
78 79 10.0 422 183
78 99 10.0 394 164
79 58 10.0 313 143
79 78 10.0 520 149
79 80 10.0 451 190
79 100 10.0 351 147
80 59 10.0 443 173
80 79 10.0 387 185
80 81 10.0 349 157
80 101 10.0 435 150
81 60 10.0 338 176
81 80 10.0 418 142
81 82 10.0 451 155
81 102 10.0 420 158
82 61 10.0 320 113
82 81 10.0 417 178
82 83 10.0 400 190
82 103 10.0 433 153
83 62 10.0 411 189
83 82 10.0 361 153
83 84 10.0 380 198
83 104 10.0 334 153
84 63 10.0 373 110
84 83 10.0 390 195
84 105 10.0 672 103
85 64 10.0 348 134
85 86 10.0 267 199
85 106 10.0 523 123
86 65 10.0 428 135
86 85 10.0 382 187
86 87 10.0 285 193
86 107 10.0 306 152
87 66 10.0 281 186
87 86 10.0 405 125
87 88 10.0 390 173
87 108 10.0 399 159
88 67 10.0 353 101
88 87 10.0 406 117
88 89 10.0 377 188
88 109 10.0 413 133
89 68 10.0 411 166
89 88 10.0 361 152
89 90 10.0 308 155
89 110 10.0 374 100
90 69 10.0 361 119
90 89 10.0 336 145
90 91 10.0 299 172
90 111 10.0 330 107
91 70 10.0 365 141
91 90 10.0 419 129
91 92 10.0 225 169
91 112 10.0 513 143
92 71 10.0 322 185
92 91 10.0 469 153
92 93 10.0 300 147
92 113 10.0 505 134
93 72 10.0 412 150
93 92 10.0 473 127
93 94 10.0 468 121
93 114 10.0 413 161
94 73 10.0 371 143
94 93 10.0 403 114
94 95 10.0 537 120
94 115 10.0 427 134
95 74 10.0 470 184
95 94 10.0 369 117
95 96 10.0 423 147
95 116 10.0 516 136
96 75 10.0 364 173
96 95 10.0 554 103
96 97 10.0 477 158
96 117 10.0 384 187
97 76 10.0 350 149
97 96 10.0 417 165
97 98 10.0 416 179
97 118 10.0 499 106
98 77 10.0 395 182
98 97 10.0 316 198
98 99 10.0 478 143
98 119 10.0 493 175
99 78 10.0 492 161
99 98 10.0 308 104
99 100 10.0 497 110
99 120 10.0 423 187
100 79 10.0 411 184
100 99 10.0 458 199
100 101 10.0 393 172
100 121 10.0 398 157
101 80 10.0 363 193
101 100 10.0 340 145
101 102 10.0 570 143
101 122 10.0 347 117
102 81 10.0 426 154
102 101 10.0 347 137
102 103 10.0 533 197
102 123 10.0 327 115
103 82 10.0 389 113
103 102 10.0 314 110
103 104 10.0 473 166
103 124 10.0 519 140
104 83 10.0 398 144
104 103 10.0 389 191
104 105 10.0 376 170
104 125 10.0 502 136
105 84 10.0 452 179
105 104 10.0 384 160
105 126 10.0 676 115
106 85 10.0 331 131
106 107 10.0 469 137
106 127 10.0 519 196
107 86 10.0 410 169
107 106 10.0 370 158
107 108 10.0 410 159
107 128 10.0 365 119
108 87 10.0 405 140
108 107 10.0 438 123
108 109 10.0 302 105
108 129 10.0 425 177
109 88 10.0 457 170
109 108 10.0 407 103
109 110 10.0 282 148
109 130 10.0 341 166
110 89 10.0 315 185
110 109 10.0 389 116
110 111 10.0 415 111
110 131 10.0 363 160
111 90 10.0 306 141
111 110 10.0 385 183
111 112 10.0 394 165
111 132 10.0 477 186
112 91 10.0 348 140
112 111 10.0 467 172
112 113 10.0 427 141
112 133 10.0 500 121
113 92 10.0 450 139
113 112 10.0 392 173
113 114 10.0 424 102
113 134 10.0 445 196
114 93 10.0 569 178
114 113 10.0 429 115
114 115 10.0 450 139
114 135 10.0 362 112
115 94 10.0 489 172
115 114 10.0 493 140
115 116 10.0 439 143
115 136 10.0 446 123
116 95 10.0 359 158
116 115 10.0 581 111
116 117 10.0 513 152
116 137 10.0 408 171
117 96 10.0 451 197
117 116 10.0 340 107
117 118 10.0 505 199
117 138 10.0 531 174
118 97 10.0 448 195
118 117 10.0 458 183
118 119 10.0 572 189
118 139 10.0 447 169
119 98 10.0 525 106
119 118 10.0 521 174
119 120 10.0 507 168
119 140 10.0 484 114
120 99 10.0 369 104
120 119 10.0 487 130
120 121 10.0 384 109
120 141 10.0 458 131
121 100 10.0 477 131
121 120 10.0 375 106
121 122 10.0 334 132
121 142 10.0 462 193
122 101 10.0 457 127
122 121 10.0 375 113
122 123 10.0 368 176
122 143 10.0 366 195
123 102 10.0 303 113
123 122 10.0 390 136
123 124 10.0 314 164
123 144 10.0 472 194
124 103 10.0 328 125
124 123 10.0 447 110
124 125 10.0 321 199
124 145 10.0 493 197
125 104 10.0 415 114
125 124 10.0 386 193
125 126 10.0 434 135
125 146 10.0 377 137
126 105 10.0 476 129
126 125 10.0 441 132
126 147 10.0 571 178
127 106 10.0 436 129
127 128 10.0 455 134
127 148 10.0 562 153
128 107 10.0 412 121
128 127 10.0 431 174
128 129 10.0 338 162
128 149 10.0 392 158
129 108 10.0 362 102
129 128 10.0 332 126
129 130 10.0 536 196
129 150 10.0 352 137
130 109 10.0 381 128
130 129 10.0 325 189
130 131 10.0 414 189
130 151 10.0 460 194
131 110 10.0 398 115
131 130 10.0 491 129
131 132 10.0 381 177
131 152 10.0 354 112
132 111 10.0 367 160
132 131 10.0 576 117
132 133 10.0 339 155
132 153 10.0 531 189
133 112 10.0 456 131
133 132 10.0 459 138
133 134 10.0 403 174
133 154 10.0 430 191
134 113 10.0 457 106
134 133 10.0 434 102
134 135 10.0 452 144
134 155 10.0 415 159
135 114 10.0 481 142
135 134 10.0 445 146
135 136 10.0 413 113
135 156 10.0 443 111
136 115 10.0 428 194
136 135 10.0 477 137
136 137 10.0 568 139
136 157 10.0 303 171
137 116 10.0 561 163
137 136 10.0 371 169
137 138 10.0 351 163
137 158 10.0 373 172
138 117 10.0 493 130
138 137 10.0 349 127
138 139 10.0 366 174
138 159 10.0 527 118
139 118 10.0 383 143
139 138 10.0 427 163
139 140 10.0 484 161
139 160 10.0 360 179
140 119 10.0 499 116
140 139 10.0 440 104
140 141 10.0 438 148
140 161 10.0 403 128
141 120 10.0 398 123
141 140 10.0 484 111
141 142 10.0 424 113
141 162 10.0 303 183
142 121 10.0 352 184
142 141 10.0 295 178
142 143 10.0 362 172
142 163 10.0 570 131
143 122 10.0 468 186
143 142 10.0 405 119
143 144 10.0 328 165
143 164 10.0 391 130
144 123 10.0 348 149
144 143 10.0 472 162
144 145 10.0 287 121
144 165 10.0 421 188
145 124 10.0 362 158
145 144 10.0 353 180
145 146 10.0 325 135
145 166 10.0 482 169
146 125 10.0 301 173
146 145 10.0 402 182
146 147 10.0 393 109
146 167 10.0 383 190
147 126 10.0 438 117
147 146 10.0 465 114
147 168 10.0 508 140
148 127 10.0 481 169
148 149 10.0 490 107
148 169 10.0 519 104
149 128 10.0 429 132
149 148 10.0 382 180
149 150 10.0 343 196
149 170 10.0 457 128
150 129 10.0 411 129
150 149 10.0 353 147
150 151 10.0 296 111
150 171 10.0 355 136
151 130 10.0 307 111
151 150 10.0 352 149
151 152 10.0 435 132
151 172 10.0 358 174
152 131 10.0 342 193
152 151 10.0 402 104
152 153 10.0 460 182
152 173 10.0 494 153
153 132 10.0 485 193
153 152 10.0 389 163
153 154 10.0 489 176
153 174 10.0 424 153
154 133 10.0 367 137
154 153 10.0 353 181
154 155 10.0 417 110
154 175 10.0 469 144
155 134 10.0 435 143
155 154 10.0 250 160
155 156 10.0 359 196
155 176 10.0 549 184
156 135 10.0 423 166
156 155 10.0 426 114
156 157 10.0 461 176
156 177 10.0 445 197
157 136 10.0 538 181
157 156 10.0 417 117
157 158 10.0 428 130
157 178 10.0 360 151
158 137 10.0 423 160
158 157 10.0 364 178
158 159 10.0 494 173
158 179 10.0 366 107
159 138 10.0 376 151
159 158 10.0 530 113
159 160 10.0 371 132
159 180 10.0 525 181
160 139 10.0 374 137
160 159 10.0 458 143
160 161 10.0 467 178
160 181 10.0 534 165
161 140 10.0 394 157
161 160 10.0 520 117
161 162 10.0 409 166
161 182 10.0 454 133
162 141 10.0 399 128
162 161 10.0 461 174
162 163 10.0 384 135
162 183 10.0 430 174
163 142 10.0 372 118
163 162 10.0 540 106
163 164 10.0 404 156
163 184 10.0 421 138
164 143 10.0 393 102
164 163 10.0 404 152
164 165 10.0 354 111
164 185 10.0 391 134
165 144 10.0 395 149
165 164 10.0 434 156
165 166 10.0 399 146
165 186 10.0 215 146
166 145 10.0 326 198
166 165 10.0 323 199
166 167 10.0 455 154
166 187 10.0 350 154
167 146 10.0 316 159
167 166 10.0 251 110
167 168 10.0 502 146
167 188 10.0 407 115
168 147 10.0 445 165
168 167 10.0 261 173
168 189 10.0 615 159
169 148 10.0 540 146
169 170 10.0 393 131
169 190 10.0 524 191
170 149 10.0 364 127
170 169 10.0 463 162
170 171 10.0 321 144
170 191 10.0 430 149
171 150 10.0 366 130
171 170 10.0 323 158
171 172 10.0 300 200
171 192 10.0 469 104
172 151 10.0 304 127
172 171 10.0 341 107
172 173 10.0 310 150
172 193 10.0 382 162
173 152 10.0 431 114
173 172 10.0 404 155
173 174 10.0 403 138
173 194 10.0 439 129
174 153 10.0 456 140
174 173 10.0 528 136
174 175 10.0 361 128
174 195 10.0 505 103
175 154 10.0 439 138
175 174 10.0 515 103
175 176 10.0 440 125
175 196 10.0 348 200
176 155 10.0 336 137
176 175 10.0 502 178
176 177 10.0 574 166
176 197 10.0 331 126
177 156 10.0 596 139
177 176 10.0 335 108
177 178 10.0 586 200
177 198 10.0 385 102
178 157 10.0 637 176
178 177 10.0 401 164
178 179 10.0 388 158
178 199 10.0 448 187
179 158 10.0 333 110
179 178 10.0 537 198
179 180 10.0 370 137
179 200 10.0 535 165
180 159 10.0 338 121
180 179 10.0 560 140
180 181 10.0 477 122
180 201 10.0 447 124
181 160 10.0 512 163
181 180 10.0 393 148
181 182 10.0 396 105
181 202 10.0 460 183
182 161 10.0 429 192
182 181 10.0 395 132
182 183 10.0 340 176
182 203 10.0 473 155
183 162 10.0 361 115
183 182 10.0 390 120
183 184 10.0 392 105
183 204 10.0 343 142
184 163 10.0 348 118
184 183 10.0 349 114
184 185 10.0 402 166
184 205 10.0 467 161
185 164 10.0 437 120
185 184 10.0 379 138
185 186 10.0 421 167
185 206 10.0 398 178
186 165 10.0 408 156
186 185 10.0 406 163
186 187 10.0 319 179
186 207 10.0 299 117
187 166 10.0 317 166
187 186 10.0 399 117
187 188 10.0 270 156
187 208 10.0 424 196
188 167 10.0 360 148
188 187 10.0 408 116
188 189 10.0 359 126
188 209 10.0 518 143
189 168 10.0 352 131
189 188 10.0 510 114
189 210 10.0 542 162
190 169 10.0 483 179
190 191 10.0 480 187
190 211 10.0 544 127
191 170 10.0 400 195
191 190 10.0 472 172
191 192 10.0 390 173
191 212 10.0 467 114
192 171 10.0 424 192
192 191 10.0 489 196
192 193 10.0 428 156
192 213 10.0 393 145
193 172 10.0 309 175
193 192 10.0 452 128
193 194 10.0 426 104
193 214 10.0 444 200
194 173 10.0 404 135
194 193 10.0 417 193
194 195 10.0 536 110
194 215 10.0 331 133
195 174 10.0 512 132
195 194 10.0 409 179
195 196 10.0 483 168
195 216 10.0 537 127
196 175 10.0 388 135
196 195 10.0 470 198
196 197 10.0 394 102
196 217 10.0 334 187
197 176 10.0 420 200
197 196 10.0 362 151
197 198 10.0 359 157
197 218 10.0 351 102
198 177 10.0 458 120
198 197 10.0 387 199
198 199 10.0 455 118
198 219 10.0 472 158
199 178 10.0 458 133
199 198 10.0 641 147
199 200 10.0 356 105
199 220 10.0 413 190
200 179 10.0 392 116
200 199 10.0 549 123
200 201 10.0 451 118
200 221 10.0 424 161
201 180 10.0 515 117
201 200 10.0 516 115
201 202 10.0 368 120
201 222 10.0 409 168
202 181 10.0 381 118
202 201 10.0 472 178
202 203 10.0 343 194
202 223 10.0 596 190
203 182 10.0 424 175
203 202 10.0 550 107
203 204 10.0 319 164
203 224 10.0 372 186
204 183 10.0 395 198
204 203 10.0 447 146
204 205 10.0 337 146
204 225 10.0 449 126
205 184 10.0 327 120
205 204 10.0 563 184
205 206 10.0 456 173
205 226 10.0 370 191
206 185 10.0 442 126
206 205 10.0 382 167
206 207 10.0 461 100
206 227 10.0 379 195
207 186 10.0 384 105
207 206 10.0 344 156
207 208 10.0 400 106
207 228 10.0 442 110
208 187 10.0 379 147
208 207 10.0 398 146
208 209 10.0 336 188
208 229 10.0 429 138
209 188 10.0 429 104
209 208 10.0 359 190
209 210 10.0 416 133
209 230 10.0 380 192
210 189 10.0 417 179
210 209 10.0 400 186
210 231 10.0 529 196
211 190 10.0 522 128
211 212 10.0 528 195
211 232 10.0 499 140
212 191 10.0 409 108
212 211 10.0 422 146
212 213 10.0 315 193
212 233 10.0 542 130
213 192 10.0 438 189
213 212 10.0 338 103
213 214 10.0 348 194
213 234 10.0 308 101
214 193 10.0 298 178
214 213 10.0 335 140
214 215 10.0 431 127
214 235 10.0 443 110
215 194 10.0 347 172
215 214 10.0 337 103
215 216 10.0 380 127
215 236 10.0 453 170
216 195 10.0 415 163
216 215 10.0 420 193
216 217 10.0 452 137
216 237 10.0 458 152
217 196 10.0 508 180
217 216 10.0 411 129
217 218 10.0 462 178
217 238 10.0 382 193
218 197 10.0 413 189
218 217 10.0 501 111
218 219 10.0 498 107
218 239 10.0 406 119
219 198 10.0 521 184
219 218 10.0 508 148
219 220 10.0 405 163
219 240 10.0 363 170
220 199 10.0 430 135
220 219 10.0 520 182
220 221 10.0 327 197
220 241 10.0 508 179
221 200 10.0 455 110
221 220 10.0 467 126
221 222 10.0 347 143
221 242 10.0 421 154
222 201 10.0 434 133
222 221 10.0 470 159
222 223 10.0 469 181
222 243 10.0 435 159
223 202 10.0 413 119
223 222 10.0 539 151
223 224 10.0 541 104
223 244 10.0 403 162
224 203 10.0 350 170
224 223 10.0 433 173
224 225 10.0 509 168
224 245 10.0 487 141
225 204 10.0 404 181
225 224 10.0 306 134
225 226 10.0 396 163
225 246 10.0 493 165
226 205 10.0 527 121
226 225 10.0 375 106
226 227 10.0 440 150
226 247 10.0 391 118
227 206 10.0 478 123
227 226 10.0 392 128
227 228 10.0 434 198
227 248 10.0 320 142
228 207 10.0 419 127
228 227 10.0 512 196
228 229 10.0 436 163
228 249 10.0 294 144
229 208 10.0 398 137
229 228 10.0 400 120
229 230 10.0 440 200
229 250 10.0 413 200
230 209 10.0 351 194
230 229 10.0 410 138
230 231 10.0 458 109
230 251 10.0 407 152
231 210 10.0 384 146
231 230 10.0 417 115
231 252 10.0 517 156
232 211 10.0 522 149
232 233 10.0 348 133
232 253 10.0 523 141
233 212 10.0 328 193
233 232 10.0 531 150
233 234 10.0 457 196
233 254 10.0 388 136
234 213 10.0 398 199
234 233 10.0 411 137
234 235 10.0 383 120
234 255 10.0 449 173
235 214 10.0 348 185
235 234 10.0 496 100
235 236 10.0 269 149
235 256 10.0 399 113
236 215 10.0 344 125
236 235 10.0 333 138
236 237 10.0 467 190
236 257 10.0 392 108
237 216 10.0 454 119
237 236 10.0 417 175
237 238 10.0 466 186
237 258 10.0 473 180
238 217 10.0 483 121
238 237 10.0 397 186
238 239 10.0 380 148
238 259 10.0 397 168
239 218 10.0 492 187
239 238 10.0 390 186
239 240 10.0 321 149
239 260 10.0 434 143
240 219 10.0 310 175
240 239 10.0 492 150
240 241 10.0 466 120
240 261 10.0 389 188
241 220 10.0 446 185
241 240 10.0 440 102
241 242 10.0 515 179
241 262 10.0 447 130
242 221 10.0 500 137
242 241 10.0 428 191
242 243 10.0 475 118
242 263 10.0 465 144
243 222 10.0 548 107
243 242 10.0 438 181
243 244 10.0 371 189
243 264 10.0 487 152
244 223 10.0 389 181
244 243 10.0 458 125
244 245 10.0 474 163
244 265 10.0 420 147
245 224 10.0 520 154
245 244 10.0 428 181
245 246 10.0 363 185
245 266 10.0 492 125
246 225 10.0 276 143
246 245 10.0 476 103
246 247 10.0 467 126
246 267 10.0 419 151
247 226 10.0 561 119
247 246 10.0 335 194
247 248 10.0 404 166
247 268 10.0 300 100
248 227 10.0 376 187
248 247 10.0 339 108
248 249 10.0 442 168
248 269 10.0 443 147
249 228 10.0 335 182
249 248 10.0 380 115
249 250 10.0 488 159
249 270 10.0 317 142
250 229 10.0 359 144
250 249 10.0 396 148
250 251 10.0 453 178
250 271 10.0 496 138
251 230 10.0 362 187
251 250 10.0 465 132
251 252 10.0 404 156
251 272 10.0 339 141
252 231 10.0 412 136
252 251 10.0 349 177
252 273 10.0 513 108
253 232 10.0 436 168
253 254 10.0 360 185
253 274 10.0 502 122
254 233 10.0 371 116
254 253 10.0 313 148
254 255 10.0 429 198
254 275 10.0 258 169
255 234 10.0 384 121
255 254 10.0 268 138
255 256 10.0 501 200
255 276 10.0 377 200
256 235 10.0 355 129
256 255 10.0 311 187
256 257 10.0 414 171
256 277 10.0 433 108
257 236 10.0 417 133
257 256 10.0 362 103
257 258 10.0 439 190
257 278 10.0 384 177
258 237 10.0 465 151
258 257 10.0 366 129
258 259 10.0 375 180
258 279 10.0 562 178
259 238 10.0 452 195
259 258 10.0 327 126
259 260 10.0 393 180
259 280 10.0 358 137
260 239 10.0 394 145
260 259 10.0 308 170
260 261 10.0 518 146
260 281 10.0 442 102
261 240 10.0 529 115
261 260 10.0 389 101
261 262 10.0 440 141
261 282 10.0 331 173
262 241 10.0 451 132
262 261 10.0 435 103
262 263 10.0 404 191
262 283 10.0 483 176
263 242 10.0 484 134
263 262 10.0 524 130
263 264 10.0 298 148
263 284 10.0 496 110
264 243 10.0 465 117
264 263 10.0 367 185
264 265 10.0 484 129
264 285 10.0 498 141
265 244 10.0 531 178
265 264 10.0 538 167
265 266 10.0 393 169
265 286 10.0 396 184
266 245 10.0 381 144
266 265 10.0 433 125
266 267 10.0 427 167
266 287 10.0 442 133
267 246 10.0 396 165
267 266 10.0 418 179
267 268 10.0 434 125
267 288 10.0 353 177
268 247 10.0 325 117
268 267 10.0 426 198
268 269 10.0 406 152
268 289 10.0 384 172
269 248 10.0 522 116
269 268 10.0 412 116
269 270 10.0 365 135
269 290 10.0 409 146
270 249 10.0 380 160
270 269 10.0 395 174
270 271 10.0 265 153
270 291 10.0 457 194
271 250 10.0 332 153
271 270 10.0 431 116
271 272 10.0 391 131
271 292 10.0 289 101
272 251 10.0 377 168
272 271 10.0 312 173
272 273 10.0 254 164
272 293 10.0 353 147
273 252 10.0 343 137
273 272 10.0 319 182
273 294 10.0 477 191
274 253 10.0 444 140
274 275 10.0 314 197
274 295 10.0 496 149
275 254 10.0 388 200
275 274 10.0 337 180
275 276 10.0 242 125
275 296 10.0 269 151
276 255 10.0 318 127
276 275 10.0 420 173
276 277 10.0 410 146
276 297 10.0 307 187
277 256 10.0 255 199
277 276 10.0 369 180
277 278 10.0 440 190
277 298 10.0 451 176
278 257 10.0 418 183
278 277 10.0 351 128
278 279 10.0 351 177
278 299 10.0 468 179
279 258 10.0 510 109
279 278 10.0 419 195
279 280 10.0 421 186
279 300 10.0 345 102
280 259 10.0 521 141
280 279 10.0 410 122
280 281 10.0 424 183
280 301 10.0 283 180
281 260 10.0 388 143
281 280 10.0 473 127
281 282 10.0 413 117
281 302 10.0 402 193
282 261 10.0 364 134
282 281 10.0 403 190
282 283 10.0 320 151
282 303 10.0 436 107
283 262 10.0 340 139
283 282 10.0 457 166
283 284 10.0 516 122
283 304 10.0 406 119
284 263 10.0 493 196
284 283 10.0 468 134
284 285 10.0 444 101
284 305 10.0 504 160
285 264 10.0 496 146
285 284 10.0 461 191
285 286 10.0 404 197
285 306 10.0 489 118
286 265 10.0 446 148
286 285 10.0 514 192
286 287 10.0 413 184
286 307 10.0 417 101
287 266 10.0 412 120
287 286 10.0 548 172
287 288 10.0 403 196
287 308 10.0 298 167
288 267 10.0 324 134
288 287 10.0 424 182
288 289 10.0 398 111
288 309 10.0 315 173
289 268 10.0 413 160
289 288 10.0 273 168
289 290 10.0 314 176
289 310 10.0 457 122
290 269 10.0 379 123
290 289 10.0 403 130
290 291 10.0 393 188
290 311 10.0 438 155
291 270 10.0 381 121
291 290 10.0 411 100
291 292 10.0 411 138
291 312 10.0 383 122
292 271 10.0 370 145
292 291 10.0 423 200
292 293 10.0 322 135
292 313 10.0 310 185
293 272 10.0 260 158
293 292 10.0 344 189
293 294 10.0 423 156
293 314 10.0 341 117
294 273 10.0 385 175
294 293 10.0 329 156
294 315 10.0 468 167
295 274 10.0 429 114
295 296 10.0 309 190
295 316 10.0 411 121
296 275 10.0 241 155
296 295 10.0 276 115
296 297 10.0 384 167
296 317 10.0 275 167
297 276 10.0 381 139
297 296 10.0 238 174
297 298 10.0 339 116
297 318 10.0 379 195
298 277 10.0 343 185
298 297 10.0 315 154
298 299 10.0 471 185
298 319 10.0 327 143
299 278 10.0 350 113
299 298 10.0 342 106
299 300 10.0 453 177
299 320 10.0 496 126
300 279 10.0 390 148
300 299 10.0 388 174
300 301 10.0 427 102
300 321 10.0 361 129
301 280 10.0 455 189
301 300 10.0 338 117
301 302 10.0 464 156
301 322 10.0 342 163
302 281 10.0 399 152
302 301 10.0 457 189
302 303 10.0 379 198
302 323 10.0 399 179
303 282 10.0 317 191
303 302 10.0 356 118
303 304 10.0 476 199
303 324 10.0 446 130
304 283 10.0 512 110
304 303 10.0 416 178
304 305 10.0 565 178
304 325 10.0 326 127
305 284 10.0 489 157
305 304 10.0 384 105
305 306 10.0 479 184
305 326 10.0 477 125
306 285 10.0 380 125
306 305 10.0 378 195
306 307 10.0 464 185
306 327 10.0 446 158
307 286 10.0 477 134
307 306 10.0 325 103
307 308 10.0 388 104
307 328 10.0 477 132
308 287 10.0 371 101
308 307 10.0 352 111
308 309 10.0 371 142
308 329 10.0 330 143
309 288 10.0 432 197
309 308 10.0 361 125
309 310 10.0 289 120
309 330 10.0 412 136
310 289 10.0 278 136
310 309 10.0 434 140
310 311 10.0 463 132
310 331 10.0 361 193
311 290 10.0 468 200
311 310 10.0 327 125
311 312 10.0 319 153
311 332 10.0 373 116
312 291 10.0 372 114
312 311 10.0 393 118
312 313 10.0 400 174
312 333 10.0 378 100
313 292 10.0 372 134
313 312 10.0 407 195
313 314 10.0 308 108
313 334 10.0 336 177
314 293 10.0 372 155
314 313 10.0 389 161
314 315 10.0 313 167
314 335 10.0 305 116
315 294 10.0 265 177
315 314 10.0 457 118
315 336 10.0 477 106
316 295 10.0 358 128
316 317 10.0 395 151
316 337 10.0 280 152
317 296 10.0 365 190
317 316 10.0 221 189
317 318 10.0 318 166
317 338 10.0 289 162
318 297 10.0 283 121
318 317 10.0 335 109
318 319 10.0 379 100
318 339 10.0 417 103
319 298 10.0 347 178
319 318 10.0 364 115
319 320 10.0 335 178
319 340 10.0 364 141
320 299 10.0 293 135
320 319 10.0 409 169
320 321 10.0 412 157
320 341 10.0 446 137
321 300 10.0 402 163
321 320 10.0 379 148
321 322 10.0 325 157
321 342 10.0 347 124
322 301 10.0 408 109
322 321 10.0 292 170
322 323 10.0 268 138
322 343 10.0 426 152
323 302 10.0 348 107
323 322 10.0 425 193
323 324 10.0 335 144
323 344 10.0 386 106
324 303 10.0 358 113
324 323 10.0 424 138
324 325 10.0 495 135
324 345 10.0 316 138
325 304 10.0 522 125
325 324 10.0 348 181
325 326 10.0 276 107
325 346 10.0 434 123
326 305 10.0 406 196
326 325 10.0 345 165
326 327 10.0 455 110
326 347 10.0 424 108
327 306 10.0 373 134
327 326 10.0 513 149
327 328 10.0 398 110
327 348 10.0 415 133
328 307 10.0 408 141
328 327 10.0 374 109
328 329 10.0 365 127
328 349 10.0 431 117
329 308 10.0 374 194
329 328 10.0 386 126
329 330 10.0 419 135
329 350 10.0 366 193
330 309 10.0 380 171
330 329 10.0 472 145
330 331 10.0 364 118
330 351 10.0 397 190
331 310 10.0 402 160
331 330 10.0 387 125
331 332 10.0 403 133
331 352 10.0 387 125
332 311 10.0 257 134
332 331 10.0 405 135
332 333 10.0 394 143
332 353 10.0 332 145
333 312 10.0 401 113
333 332 10.0 330 122
333 334 10.0 322 187
333 354 10.0 383 171
334 313 10.0 305 130
334 333 10.0 303 163
334 335 10.0 325 127
334 355 10.0 253 179
335 314 10.0 305 128
335 334 10.0 247 156
335 336 10.0 475 124
335 356 10.0 278 142
336 315 10.0 425 155
336 335 10.0 330 105
336 357 10.0 515 189
337 316 10.0 389 180
337 338 10.0 363 139
337 358 10.0 313 154
338 317 10.0 260 199
338 337 10.0 293 137
338 339 10.0 325 112
338 359 10.0 347 175
339 318 10.0 356 152
339 338 10.0 337 151
339 340 10.0 368 144
339 360 10.0 386 124
340 319 10.0 254 181
340 339 10.0 377 117
340 341 10.0 432 178
340 361 10.0 485 144
341 320 10.0 412 153
341 340 10.0 503 198
341 342 10.0 360 151
341 362 10.0 343 156
342 321 10.0 418 107
342 341 10.0 409 149
342 343 10.0 273 118
342 363 10.0 407 162
343 322 10.0 304 132
343 342 10.0 473 102
343 344 10.0 276 118
343 364 10.0 366 200
344 323 10.0 381 158
344 343 10.0 383 149
344 345 10.0 442 194
344 365 10.0 319 136
345 324 10.0 453 170
345 344 10.0 426 152
345 346 10.0 268 199
345 366 10.0 380 162
346 325 10.0 441 125
346 345 10.0 439 177
346 347 10.0 413 152
346 367 10.0 359 157
347 326 10.0 328 195
347 346 10.0 488 166
347 348 10.0 579 101
347 368 10.0 316 146
348 327 10.0 411 109
348 347 10.0 402 113
348 349 10.0 348 139
348 369 10.0 444 111
349 328 10.0 329 149
349 348 10.0 408 151
349 350 10.0 486 169
349 370 10.0 324 114
350 329 10.0 391 112
350 349 10.0 371 111
350 351 10.0 325 171
350 371 10.0 459 128
351 330 10.0 409 148
351 350 10.0 394 120
351 352 10.0 433 183
351 372 10.0 331 142
352 331 10.0 468 148
352 351 10.0 425 125
352 353 10.0 311 195
352 373 10.0 391 160
353 332 10.0 331 195
353 352 10.0 287 181
353 354 10.0 402 117
353 374 10.0 227 175
354 333 10.0 318 172
354 353 10.0 290 186
354 355 10.0 391 153
354 375 10.0 347 157
355 334 10.0 352 148
355 354 10.0 236 153
355 356 10.0 326 190
355 376 10.0 296 104
356 335 10.0 353 155
356 355 10.0 283 110
356 357 10.0 292 189
356 377 10.0 315 181
357 336 10.0 316 111
357 356 10.0 392 184
357 378 10.0 450 161
358 337 10.0 485 126
358 359 10.0 261 176
358 379 10.0 231 104
359 338 10.0 274 110
359 358 10.0 292 154
359 360 10.0 214 131
359 380 10.0 429 189
360 339 10.0 335 179
360 359 10.0 488 151
360 361 10.0 306 160
360 381 10.0 274 174
361 340 10.0 314 102
361 360 10.0 465 130
361 362 10.0 335 132
361 382 10.0 363 156
362 341 10.0 359 102
362 361 10.0 344 130
362 363 10.0 341 177
362 383 10.0 317 108
363 342 10.0 393 135
363 362 10.0 374 188
363 364 10.0 462 112
363 384 10.0 386 130
364 343 10.0 321 200
364 363 10.0 429 184
364 365 10.0 421 184
364 385 10.0 375 186
365 344 10.0 484 196
365 364 10.0 375 169
365 366 10.0 381 136
365 386 10.0 275 134
366 345 10.0 319 133
366 365 10.0 374 121
366 367 10.0 235 120
366 387 10.0 437 175
367 346 10.0 510 147
367 366 10.0 300 183
367 368 10.0 381 189
367 388 10.0 367 152
368 347 10.0 464 134
368 367 10.0 437 106
368 369 10.0 318 135
368 389 10.0 366 155
369 348 10.0 292 163
369 368 10.0 410 193
369 370 10.0 508 131
369 390 10.0 380 198
370 349 10.0 378 139
370 369 10.0 417 160
370 371 10.0 276 171
370 391 10.0 471 146
371 350 10.0 301 111
371 370 10.0 365 123
371 372 10.0 468 117
371 392 10.0 322 134
372 351 10.0 445 108
372 371 10.0 366 186
372 373 10.0 353 112
372 393 10.0 369 119
373 352 10.0 467 182
373 372 10.0 376 139
373 374 10.0 339 130
373 394 10.0 323 105
374 353 10.0 309 176
374 373 10.0 428 157
374 375 10.0 324 190
374 395 10.0 285 176
375 354 10.0 326 131
375 374 10.0 369 139
375 376 10.0 389 127
375 396 10.0 268 137
376 355 10.0 269 177
376 375 10.0 373 111
376 377 10.0 221 164
376 397 10.0 436 110
377 356 10.0 298 152
377 376 10.0 283 182
377 378 10.0 275 190
377 398 10.0 249 134
378 357 10.0 303 192
378 377 10.0 297 154
378 399 10.0 480 187
379 358 10.0 423 193
379 380 10.0 265 159
379 400 10.0 258 141
380 359 10.0 234 140
380 379 10.0 383 107
380 381 10.0 257 105
380 401 10.0 327 122
381 360 10.0 326 134
381 380 10.0 261 107
381 382 10.0 304 129
381 402 10.0 254 146
382 361 10.0 324 165
382 381 10.0 318 147
382 383 10.0 378 107
382 403 10.0 313 180
383 362 10.0 368 113
383 382 10.0 316 195
383 384 10.0 336 192
383 404 10.0 411 107
384 363 10.0 436 195
384 383 10.0 420 138
384 385 10.0 291 135
384 405 10.0 345 164
385 364 10.0 323 148
385 384 10.0 395 180
385 386 10.0 403 154
385 406 10.0 294 109
386 365 10.0 387 102
386 385 10.0 343 140
386 387 10.0 409 186
386 407 10.0 262 146
387 366 10.0 306 195
387 386 10.0 290 199
387 388 10.0 379 110
387 408 10.0 442 169
388 367 10.0 510 149
388 387 10.0 198 154
388 389 10.0 464 178
388 409 10.0 351 114
389 368 10.0 409 167
389 388 10.0 367 130
389 390 10.0 428 191
389 410 10.0 468 112
390 369 10.0 351 190
390 389 10.0 359 127
390 391 10.0 323 163
390 411 10.0 495 140
391 370 10.0 356 144
391 390 10.0 401 105
391 392 10.0 383 110
391 412 10.0 460 199
392 371 10.0 364 179
392 391 10.0 400 123
392 393 10.0 399 168
392 413 10.0 363 101
393 372 10.0 416 140
393 392 10.0 418 130
393 394 10.0 298 167
393 414 10.0 350 123
394 373 10.0 268 128
394 393 10.0 333 156
394 395 10.0 328 136
394 415 10.0 346 137
395 374 10.0 414 125
395 394 10.0 296 132
395 396 10.0 366 123
395 416 10.0 242 157
396 375 10.0 305 140
396 395 10.0 381 148
396 397 10.0 226 167
396 417 10.0 274 114
397 376 10.0 320 117
397 396 10.0 316 143
397 398 10.0 302 143
397 418 10.0 277 155
398 377 10.0 295 110
398 397 10.0 306 137
398 399 10.0 241 189
398 419 10.0 352 192
399 378 10.0 390 153
399 398 10.0 299 163
399 420 10.0 376 192
400 379 10.0 288 173
400 401 10.0 234 172
400 421 10.0 203 177
401 380 10.0 234 196
401 400 10.0 152 139
401 402 10.0 262 196
401 422 10.0 335 153
402 381 10.0 316 101
402 401 10.0 208 119
402 403 10.0 274 177
402 423 10.0 306 179
403 382 10.0 339 128
403 402 10.0 329 154
403 404 10.0 253 124
403 424 10.0 381 166
404 383 10.0 355 184
404 403 10.0 340 110
404 405 10.0 319 131
404 425 10.0 349 130
405 384 10.0 382 191
405 404 10.0 366 189
405 406 10.0 454 164
405 426 10.0 285 165
406 385 10.0 355 103
406 405 10.0 363 102
406 407 10.0 327 191
406 427 10.0 518 111
407 386 10.0 423 193
407 406 10.0 420 126
407 408 10.0 377 142
407 428 10.0 346 112
408 387 10.0 403 102
408 407 10.0 470 104
408 409 10.0 252 118
408 429 10.0 467 152
409 388 10.0 417 130
409 408 10.0 444 102
409 410 10.0 312 116
409 430 10.0 360 121
410 389 10.0 412 107
410 409 10.0 435 182
410 411 10.0 337 119
410 431 10.0 452 119
411 390 10.0 353 110
411 410 10.0 356 150
411 412 10.0 327 169
411 432 10.0 468 110
412 391 10.0 426 164
412 411 10.0 365 121
412 413 10.0 438 109
412 433 10.0 381 121
413 392 10.0 405 147
413 412 10.0 377 150
413 414 10.0 274 121
413 434 10.0 397 141
414 393 10.0 354 126
414 413 10.0 321 160
414 415 10.0 341 103
414 435 10.0 311 191
415 394 10.0 356 106
415 414 10.0 305 130
415 416 10.0 334 177
415 436 10.0 399 148
416 395 10.0 381 168
416 415 10.0 289 162
416 417 10.0 281 157
416 437 10.0 293 167
417 396 10.0 227 159
417 416 10.0 293 199
417 418 10.0 301 173
417 438 10.0 214 103
418 397 10.0 251 119
418 417 10.0 227 186
418 419 10.0 255 173
418 439 10.0 293 138
419 398 10.0 272 160
419 418 10.0 234 167
419 420 10.0 214 128
419 440 10.0 306 125
420 399 10.0 340 100
420 419 10.0 226 125
420 441 10.0 271 162
421 400 10.0 310 151
421 422 10.0 229 176
422 401 10.0 212 175
422 421 10.0 291 123
422 423 10.0 393 170
423 402 10.0 267 162
423 422 10.0 332 106
423 424 10.0 405 109
424 403 10.0 336 100
424 423 10.0 333 170
424 425 10.0 532 105
425 404 10.0 348 105
425 424 10.0 397 119
425 426 10.0 578 145
426 405 10.0 431 176
426 425 10.0 441 152
426 427 10.0 476 165
427 406 10.0 397 150
427 426 10.0 488 129
427 428 10.0 548 133
428 407 10.0 491 121
428 427 10.0 439 139
428 429 10.0 493 190
429 408 10.0 309 146
429 428 10.0 550 139
429 430 10.0 531 177
430 409 10.0 502 193
430 429 10.0 436 117
430 431 10.0 503 185
431 410 10.0 407 121
431 430 10.0 551 200
431 432 10.0 538 109
432 411 10.0 333 186
432 431 10.0 518 145
432 433 10.0 498 183
433 412 10.0 415 144
433 432 10.0 394 102
433 434 10.0 441 153
434 413 10.0 324 108
434 433 10.0 379 120
434 435 10.0 502 153
435 414 10.0 336 133
435 434 10.0 380 138
435 436 10.0 458 143
436 415 10.0 424 139
436 435 10.0 339 109
436 437 10.0 457 104
437 416 10.0 374 109
437 436 10.0 390 185
437 438 10.0 414 198
438 417 10.0 302 136
438 437 10.0 407 137
438 439 10.0 319 170
439 418 10.0 289 166
439 438 10.0 403 146
439 440 10.0 251 106
440 419 10.0 143 144
440 439 10.0 374 161
440 441 10.0 278 103
441 420 10.0 247 176
441 440 10.0 242 133
246 142 58
162 137 51
7 137 52
184 227 54
421 113 37
398 359 61
121 432 54
220 305 32
302 280 60
83 328 47
93 8 45
110 107 52
265 107 49
175 314 44
260 33 64
135 139 46
414 439 41
310 384 56
43 39 50
129 200 70
389 64 56
42 145 61
102 317 57
160 196 57
139 165 47
20 156 52
388 50 49
135 208 50
3 178 57
15 91 45
276 27 60
152 358 48
133 90 52
40 433 39
357 378 47
179 390 46
58 356 59
379 320 56
333 231 51
28 284 48
99 140 45
269 191 51
78 10 56
263 113 49
193 164 55
414 332 51
410 173 61
121 42 60
410 330 51
247 103 47
53 348 41
93 303 50
312 259 48
15 157 44
139 187 47
79 383 49
373 182 66
193 441 61
104 183 52
162 334 47
211 283 45
326 238 42
233 417 49
248 97 39
419 362 58
403 164 50
33 418 54
347 395 46
78 130 42
203 388 54
303 43 60
51 131 47
33 126 54
369 359 51
328 198 47
297 372 50
60 232 53
12 198 60
301 291 49
133 56 49
145 59 58
228 61 47
263 404 37
60 197 52
33 130 44
286 82 46
9 346 56
63 348 46
405 342 50
433 98 55
9 150 58
125 239 60
384 311 54
182 71 45
103 415 35
368 62 48
385 248 48
26 338 47
194 286 54
150 196 58
