10 441 1680
1 0 10000
1 10 10
2 10 20
3 10 30
4 10 40
5 10 50
6 10 60
7 10 70
8 10 80
9 10 90
10 10 100
11 10 110
12 10 120
13 10 130
14 10 140
15 10 150
16 10 160
17 10 170
18 10 180
19 10 190
20 10 200
21 10 210
22 20 10
23 20 20
24 20 30
25 20 40
26 20 50
27 20 60
28 20 70
29 20 80
30 20 90
31 20 100
32 20 110
33 20 120
34 20 130
35 20 140
36 20 150
37 20 160
38 20 170
39 20 180
40 20 190
41 20 200
42 20 210
43 30 10
44 30 20
45 30 30
46 30 40
47 30 50
48 30 60
49 30 70
50 30 80
51 30 90
52 30 100
53 30 110
54 30 120
55 30 130
56 30 140
57 30 150
58 30 160
59 30 170
60 30 180
61 30 190
62 30 200
63 30 210
64 40 10
65 40 20
66 40 30
67 40 40
68 40 50
69 40 60
70 40 70
71 40 80
72 40 90
73 40 100
74 40 110
75 40 120
76 40 130
77 40 140
78 40 150
79 40 160
80 40 170
81 40 180
82 40 190
83 40 200
84 40 210
85 50 10
86 50 20
87 50 30
88 50 40
89 50 50
90 50 60
91 50 70
92 50 80
93 50 90
94 50 100
95 50 110
96 50 120
97 50 130
98 50 140
99 50 150
100 50 160
101 50 170
102 50 180
103 50 190
104 50 200
105 50 210
106 60 10
107 60 20
108 60 30
109 60 40
110 60 50
111 60 60
112 60 70
113 60 80
114 60 90
115 60 100
116 60 110
117 60 120
118 60 130
119 60 140
120 60 150
121 60 160
122 60 170
123 60 180
124 60 190
125 60 200
126 60 210
127 70 10
128 70 20
129 70 30
130 70 40
131 70 50
132 70 60
133 70 70
134 70 80
135 70 90
136 70 100
137 70 110
138 70 120
139 70 130
140 70 140
141 70 150
142 70 160
143 70 170
144 70 180
145 70 190
146 70 200
147 70 210
148 80 10
149 80 20
150 80 30
151 80 40
152 80 50
153 80 60
154 80 70
155 80 80
156 80 90
157 80 100
158 80 110
159 80 120
160 80 130
161 80 140
162 80 150
163 80 160
164 80 170
165 80 180
166 80 190
167 80 200
168 80 210
169 90 10
170 90 20
171 90 30
172 90 40
173 90 50
174 90 60
175 90 70
176 90 80
177 90 90
178 90 100
179 90 110
180 90 120
181 90 130
182 90 140
183 90 150
184 90 160
185 90 170
186 90 180
187 90 190
188 90 200
189 90 210
190 100 10
191 100 20
192 100 30
193 100 40
194 100 50
195 100 60
196 100 70
197 100 80
198 100 90
199 100 100
200 100 110
201 100 120
202 100 130
203 100 140
204 100 150
205 100 160
206 100 170
207 100 180
208 100 190
209 100 200
210 100 210
211 110 10
212 110 20
213 110 30
214 110 40
215 110 50
216 110 60
217 110 70
218 110 80
219 110 90
220 110 100
221 110 110
222 110 120
223 110 130
224 110 140
225 110 150
226 110 160
227 110 170
228 110 180
229 110 190
230 110 200
231 110 210
232 120 10
233 120 20
234 120 30
235 120 40
236 120 50
237 120 60
238 120 70
239 120 80
240 120 90
241 120 100
242 120 110
243 120 120
244 120 130
245 120 140
246 120 150
247 120 160
248 120 170
249 120 180
250 120 190
251 120 200
252 120 210
253 130 10
254 130 20
255 130 30
256 130 40
257 130 50
258 130 60
259 130 70
260 130 80
261 130 90
262 130 100
263 130 110
264 130 120
265 130 130
266 130 140
267 130 150
268 130 160
269 130 170
270 130 180
271 130 190
272 130 200
273 130 210
274 140 10
275 140 20
276 140 30
277 140 40
278 140 50
279 140 60
280 140 70
281 140 80
282 140 90
283 140 100
284 140 110
285 140 120
286 140 130
287 140 140
288 140 150
289 140 160
290 140 170
291 140 180
292 140 190
293 140 200
294 140 210
295 150 10
296 150 20
297 150 30
298 150 40
299 150 50
300 150 60
301 150 70
302 150 80
303 150 90
304 150 100
305 150 110
306 150 120
307 150 130
308 150 140
309 150 150
310 150 160
311 150 170
312 150 180
313 150 190
314 150 200
315 150 210
316 160 10
317 160 20
318 160 30
319 160 40
320 160 50
321 160 60
322 160 70
323 160 80
324 160 90
325 160 100
326 160 110
327 160 120
328 160 130
329 160 140
330 160 150
331 160 160
332 160 170
333 160 180
334 160 190
335 160 200
336 160 210
337 170 10
338 170 20
339 170 30
340 170 40
341 170 50
342 170 60
343 170 70
344 170 80
345 170 90
346 170 100
347 170 110
348 170 120
349 170 130
350 170 140
351 170 150
352 170 160
353 170 170
354 170 180
355 170 190
356 170 200
357 170 210
358 180 10
359 180 20
360 180 30
361 180 40
362 180 50
363 180 60
364 180 70
365 180 80
366 180 90
367 180 100
368 180 110
369 180 120
370 180 130
371 180 140
372 180 150
373 180 160
374 180 170
375 180 180
376 180 190
377 180 200
378 180 210
379 190 10
380 190 20
381 190 30
382 190 40
383 190 50
384 190 60
385 190 70
386 190 80
387 190 90
388 190 100
389 190 110
390 190 120
391 190 130
392 190 140
393 190 150
394 190 160
395 190 170
396 190 180
397 190 190
398 190 200
399 190 210
400 200 10
401 200 20
402 200 30
403 200 40
404 200 50
405 200 60
406 200 70
407 200 80
408 200 90
409 200 100
410 200 110
411 200 120
412 200 130
413 200 140
414 200 150
415 200 160
416 200 170
417 200 180
418 200 190
419 200 200
420 200 210
421 210 10
422 210 20
423 210 30
424 210 40
425 210 50
426 210 60
427 210 70
428 210 80
429 210 90
430 210 100
431 210 110
432 210 120
433 210 130
434 210 140
435 210 150
436 210 160
437 210 170
438 210 180
439 210 190
440 210 200
441 210 210
1 2 10.0 20 150
1 22 10.0 72 120
2 1 10.0 69 163
2 3 10.0 33 148
2 23 10.0 17 137
3 2 10.0 36 165
3 4 10.0 33 183
3 24 10.0 81 200
4 3 10.0 52 128
4 5 10.0 30 198
4 25 10.0 59 193
5 4 10.0 76 119
5 6 10.0 45 122
5 26 10.0 14 114
6 5 10.0 70 137
6 7 10.0 37 131
6 27 10.0 38 137
7 6 10.0 46 125
7 8 10.0 64 110
7 28 10.0 53 194
8 7 10.0 42 164
8 9 10.0 47 154
8 29 10.0 35 171
9 8 10.0 21 114
9 10 10.0 54 148
9 30 10.0 43 138
10 9 10.0 30 160
10 11 10.0 42 131
10 31 10.0 56 119
11 10 10.0 26 153
11 12 10.0 80 117
11 32 10.0 47 111
12 11 10.0 54 158
12 13 10.0 57 103
12 33 10.0 40 143
13 12 10.0 59 191
13 14 10.0 28 104
13 34 10.0 55 185
14 13 10.0 37 153
14 15 10.0 53 174
14 35 10.0 33 170
15 14 10.0 36 179
15 16 10.0 22 134
15 36 10.0 56 199
16 15 10.0 17 126
16 17 10.0 33 171
16 37 10.0 52 177
17 16 10.0 46 151
17 18 10.0 25 127
17 38 10.0 44 131
18 17 10.0 45 114
18 19 10.0 25 131
18 39 10.0 25 167
19 18 10.0 28 167
19 20 10.0 43 168
19 40 10.0 10 184
20 19 10.0 23 109
20 21 10.0 45 107
20 41 10.0 42 137
21 20 10.0 14 200
21 42 10.0 46 131
22 1 10.0 20 117
22 23 10.0 27 148
22 43 10.0 69 181
23 2 10.0 65 138
23 22 10.0 23 103
23 24 10.0 17 132
23 44 10.0 23 102
24 3 10.0 7 129
24 23 10.0 72 109
24 25 10.0 10 153
24 45 10.0 48 107
25 4 10.0 32 136
25 24 10.0 8 172
25 26 10.0 46 160
25 46 10.0 49 143
26 5 10.0 38 100
26 25 10.0 14 199
26 27 10.0 40 112
26 47 10.0 40 111
27 6 10.0 54 146
27 26 10.0 21 113
27 28 10.0 75 132
27 48 10.0 19 136
28 7 10.0 33 165
28 27 10.0 57 174
28 29 10.0 44 199
28 49 10.0 50 106
29 8 10.0 39 122
29 28 10.0 55 147
29 30 10.0 35 149
29 50 10.0 12 162
30 9 10.0 41 198
30 29 10.0 30 175
30 31 10.0 21 123
30 51 10.0 45 195
31 10 10.0 46 105
31 30 10.0 28 108
31 32 10.0 27 151
31 52 10.0 42 191
32 11 10.0 57 177
32 31 10.0 25 178
32 33 10.0 23 131
32 53 10.0 23 200
33 12 10.0 11 130
33 32 10.0 19 184
33 34 10.0 27 153
33 54 10.0 57 148
34 13 10.0 47 117
34 33 10.0 26 137
34 35 10.0 43 186
34 55 10.0 18 157
35 14 10.0 59 146
35 34 10.0 41 136
35 36 10.0 12 103
35 56 10.0 28 169
36 15 10.0 45 131
36 35 10.0 28 113
36 37 10.0 65 145
36 57 10.0 16 157
37 16 10.0 35 149
37 36 10.0 33 177
37 38 10.0 35 127
37 58 10.0 42 116
38 17 10.0 37 175
38 37 10.0 1 195
38 39 10.0 25 189
38 59 10.0 89 115
39 18 10.0 41 106
39 38 10.0 42 109
39 40 10.0 12 159
39 60 10.0 1 133
40 19 10.0 32 139
40 39 10.0 31 138
40 41 10.0 1 107
40 61 10.0 38 103
41 20 10.0 1 164
41 40 10.0 53 160
41 42 10.0 14 180
41 62 10.0 33 124
42 21 10.0 14 180
42 41 10.0 33 142
42 63 10.0 14 101
43 22 10.0 24 113
43 44 10.0 36 200
43 64 10.0 42 175
44 23 10.0 10 149
44 43 10.0 21 184
44 45 10.0 45 120
44 65 10.0 61 181
45 24 10.0 32 114
45 44 10.0 27 138
45 46 10.0 53 160
45 66 10.0 53 120
46 25 10.0 51 101
46 45 10.0 43 165
46 47 10.0 17 122
46 67 10.0 56 168
47 26 10.0 50 169
47 46 10.0 37 185
47 48 10.0 28 141
47 68 10.0 16 172
48 27 10.0 31 169
48 47 10.0 33 111
48 49 10.0 37 143
48 69 10.0 20 114
49 28 10.0 1 177
49 48 10.0 31 146
49 50 10.0 17 193
49 70 10.0 77 117
50 29 10.0 31 132
50 49 10.0 32 199
50 51 10.0 1 171
50 71 10.0 34 141
51 30 10.0 32 154
51 50 10.0 43 176
51 52 10.0 25 148
51 72 10.0 21 124
52 31 10.0 42 105
52 51 10.0 36 115
52 53 10.0 34 114
52 73 10.0 1 106
53 32 10.0 35 186
53 52 10.0 15 107
53 54 10.0 52 182
53 74 10.0 23 154
54 33 10.0 25 130
54 53 10.0 7 184
54 55 10.0 67 101
54 75 10.0 33 149
55 34 10.0 13 186
55 54 10.0 14 128
55 56 10.0 53 168
55 76 10.0 45 131
56 35 10.0 35 134
56 55 10.0 21 120
56 57 10.0 26 166
56 77 10.0 32 104
57 36 10.0 53 157
57 56 10.0 18 100
57 58 10.0 10 122
57 78 10.0 73 177
58 37 10.0 26 121
58 57 10.0 64 117
58 59 10.0 53 132
58 79 10.0 15 100
59 38 10.0 29 196
59 58 10.0 25 115
59 60 10.0 49 161
59 80 10.0 72 126
60 39 10.0 15 199
60 59 10.0 35 102
60 61 10.0 11 192
60 81 10.0 52 169
61 40 10.0 25 186
61 60 10.0 47 164
61 62 10.0 44 121
61 82 10.0 10 187
62 41 10.0 27 105
62 61 10.0 36 120
62 63 10.0 37 184
62 83 10.0 39 118
63 42 10.0 1 158
63 62 10.0 13 123
63 84 10.0 50 106
64 43 10.0 11 125
64 65 10.0 25 115
64 85 10.0 86 119
65 44 10.0 52 164
65 64 10.0 54 106
65 66 10.0 20 174
65 86 10.0 34 174
66 45 10.0 26 126
66 65 10.0 26 187
66 67 10.0 41 122
66 87 10.0 60 192
67 46 10.0 30 103
67 66 10.0 57 185
67 68 10.0 14 176
67 88 10.0 48 182
68 47 10.0 41 188
68 67 10.0 35 149
68 69 10.0 54 167
68 89 10.0 45 155
69 48 10.0 43 117
69 68 10.0 45 110
69 70 10.0 39 109
69 90 10.0 1 185
70 49 10.0 7 197
70 69 10.0 29 129
70 71 10.0 45 144
70 91 10.0 56 119
71 50 10.0 25 179
71 70 10.0 19 133
71 72 10.0 45 104
71 92 10.0 23 141
72 51 10.0 40 187
72 71 10.0 1 100
72 73 10.0 20 137
72 93 10.0 36 113
73 52 10.0 31 115
73 72 10.0 1 101
73 74 10.0 16 118
73 94 10.0 31 132
74 53 10.0 20 119
74 73 10.0 36 106
74 75 10.0 40 139
74 95 10.0 17 105
75 54 10.0 9 171
75 74 10.0 31 111
75 76 10.0 15 173
75 96 10.0 70 186
76 55 10.0 18 113
76 75 10.0 43 112
76 77 10.0 31 185
76 97 10.0 53 134
77 56 10.0 14 159
77 76 10.0 38 115
77 78 10.0 27 102
77 98 10.0 77 151
78 57 10.0 47 194
78 77 10.0 88 149
78 79 10.0 41 161
78 99 10.0 31 200
79 58 10.0 83 193
79 78 10.0 37 173
79 80 10.0 8 152
79 100 10.0 61 197
80 59 10.0 1 134
80 79 10.0 86 130
80 81 10.0 38 139
80 101 10.0 27 158
81 60 10.0 16 115
81 80 10.0 61 135
81 82 10.0 44 116
81 102 10.0 35 133
82 61 10.0 45 101
82 81 10.0 41 198
82 83 10.0 39 164
82 103 10.0 15 127
83 62 10.0 49 196
83 82 10.0 40 128
83 84 10.0 30 102
83 104 10.0 19 172
84 63 10.0 13 179
84 83 10.0 37 141
84 105 10.0 72 179
85 64 10.0 24 190
85 86 10.0 32 171
85 106 10.0 103 144
86 65 10.0 50 110
86 85 10.0 67 189
86 87 10.0 24 132
86 107 10.0 38 161
87 66 10.0 22 103
87 86 10.0 88 147
87 88 10.0 37 114
87 108 10.0 64 158
88 67 10.0 15 136
88 87 10.0 73 198
88 89 10.0 46 197
88 109 10.0 39 143
89 68 10.0 102 118
89 88 10.0 21 159
89 90 10.0 22 102
89 110 10.0 16 124
90 69 10.0 28 134
90 89 10.0 37 133
90 91 10.0 1 181
90 111 10.0 30 100
91 70 10.0 1 187
91 90 10.0 43 106
91 92 10.0 12 188
91 112 10.0 57 142
92 71 10.0 32 108
92 91 10.0 44 197
92 93 10.0 14 180
92 113 10.0 43 143
93 72 10.0 29 164
93 92 10.0 52 137
93 94 10.0 37 106
93 114 10.0 22 146
94 73 10.0 22 123
94 93 10.0 8 134
94 95 10.0 64 136
94 115 10.0 60 195
95 74 10.0 43 154
95 94 10.0 43 146
95 96 10.0 20 134
95 116 10.0 75 122
96 75 10.0 8 157
96 95 10.0 72 164
96 97 10.0 30 147
96 117 10.0 34 181
97 76 10.0 46 102
97 96 10.0 36 100
97 98 10.0 22 194
97 118 10.0 41 156
98 77 10.0 6 101
98 97 10.0 71 124
98 99 10.0 1 191
98 119 10.0 67 111
99 78 10.0 72 170
99 98 10.0 14 184
99 100 10.0 29 132
99 120 10.0 40 148
100 79 10.0 47 150
100 99 10.0 81 142
100 101 10.0 37 115
100 121 10.0 59 176
101 80 10.0 9 119
101 100 10.0 78 165
101 102 10.0 47 162
101 122 10.0 35 168
102 81 10.0 25 125
102 101 10.0 35 176
102 103 10.0 48 178
102 123 10.0 20 172
103 82 10.0 44 162
103 102 10.0 11 183
103 104 10.0 5 101
103 124 10.0 53 127
104 83 10.0 21 179
104 103 10.0 28 143
104 105 10.0 42 189
104 125 10.0 25 164
105 84 10.0 40 145
105 104 10.0 25 195
105 126 10.0 87 111
106 85 10.0 8 126
106 107 10.0 64 169
106 127 10.0 105 103
107 86 10.0 25 162
107 106 10.0 44 188
107 108 10.0 30 117
107 128 10.0 82 102
108 87 10.0 55 134
108 107 10.0 33 187
108 109 10.0 73 155
108 129 10.0 34 120
109 88 10.0 66 175
109 108 10.0 32 179
109 110 10.0 83 163
109 130 10.0 7 139
110 89 10.0 30 140
110 109 10.0 28 124
110 111 10.0 36 145
110 131 10.0 78 172
111 90 10.0 30 101
111 110 10.0 48 146
111 112 10.0 44 190
111 132 10.0 41 191
112 91 10.0 12 199
112 111 10.0 57 102
112 113 10.0 84 177
112 133 10.0 21 172
113 92 10.0 47 134
113 112 10.0 42 196
113 114 10.0 45 184
113 134 10.0 64 105
114 93 10.0 82 150
114 113 10.0 27 120
114 115 10.0 64 145
114 135 10.0 31 109
115 94 10.0 42 170
115 114 10.0 108 190
115 116 10.0 48 164
115 136 10.0 18 183
116 95 10.0 28 124
116 115 10.0 27 141
116 117 10.0 61 183
116 137 10.0 67 122
117 96 10.0 21 145
117 116 10.0 52 157
117 118 10.0 54 188
117 138 10.0 52 141
118 97 10.0 29 192
118 117 10.0 62 153
118 119 10.0 33 171
118 139 10.0 29 185
119 98 10.0 31 103
119 118 10.0 10 185
119 120 10.0 65 175
119 140 10.0 50 173
120 99 10.0 44 143
120 119 10.0 27 106
120 121 10.0 83 159
120 141 10.0 38 166
121 100 10.0 53 128
121 120 10.0 31 190
121 122 10.0 28 146
121 142 10.0 45 102
122 101 10.0 72 190
122 121 10.0 13 110
122 123 10.0 51 145
122 143 10.0 57 182
123 102 10.0 36 154
123 122 10.0 80 101
123 124 10.0 45 115
123 144 10.0 39 173
124 103 10.0 22 137
124 123 10.0 74 182
124 125 10.0 27 189
124 145 10.0 43 102
125 104 10.0 67 115
125 124 10.0 37 138
125 126 10.0 27 155
125 146 10.0 34 192
126 105 10.0 41 165
126 125 10.0 40 106
126 147 10.0 60 128
127 106 10.0 26 195
127 128 10.0 74 126
127 148 10.0 85 182
128 107 10.0 46 150
128 127 10.0 29 114
128 129 10.0 64 163
128 149 10.0 84 155
129 108 10.0 72 200
129 128 10.0 27 114
129 130 10.0 63 117
129 150 10.0 38 197
130 109 10.0 48 112
130 129 10.0 56 146
130 131 10.0 35 198
130 151 10.0 33 104
131 110 10.0 24 120
131 130 10.0 81 146
131 132 10.0 82 182
131 152 10.0 35 144
132 111 10.0 39 131
132 131 10.0 63 168
132 133 10.0 32 167
132 153 10.0 73 152
133 112 10.0 31 127
133 132 10.0 13 106
133 134 10.0 37 152
133 154 10.0 44 167
134 113 10.0 44 192
134 133 10.0 26 149
134 135 10.0 64 135
134 155 10.0 29 182
135 114 10.0 31 191
135 134 10.0 34 193
135 136 10.0 45 144
135 156 10.0 78 131
136 115 10.0 65 156
136 135 10.0 64 134
136 137 10.0 15 113
136 157 10.0 30 134
137 116 10.0 9 150
137 136 10.0 68 153
137 138 10.0 26 140
137 158 10.0 14 182
138 117 10.0 23 156
138 137 10.0 52 138
138 139 10.0 20 143
138 159 10.0 61 118
139 118 10.0 48 187
139 138 10.0 44 142
139 140 10.0 29 191
139 160 10.0 25 127
140 119 10.0 28 137
140 139 10.0 54 114
140 141 10.0 63 116
140 161 10.0 12 197
141 120 10.0 59 195
141 140 10.0 25 198
141 142 10.0 70 129
141 162 10.0 19 141
142 121 10.0 1 181
142 141 10.0 37 143
142 143 10.0 50 129
142 163 10.0 98 126
143 122 10.0 49 114
143 142 10.0 68 194
143 144 10.0 19 120
143 164 10.0 13 117
144 123 10.0 53 158
144 143 10.0 25 142
144 145 10.0 41 107
144 165 10.0 14 136
145 124 10.0 34 196
145 144 10.0 22 154
145 146 10.0 52 139
145 166 10.0 29 165
146 125 10.0 13 199
146 145 10.0 22 199
146 147 10.0 59 165
146 167 10.0 31 117
147 126 10.0 24 109
147 146 10.0 18 145
147 168 10.0 103 200
148 127 10.0 51 153
148 149 10.0 44 112
148 169 10.0 69 102
149 128 10.0 42 150
149 148 10.0 41 127
149 150 10.0 29 188
149 170 10.0 94 192
150 129 10.0 44 147
150 149 10.0 31 103
150 151 10.0 49 154
150 171 10.0 48 166
151 130 10.0 22 161
151 150 10.0 10 102
151 152 10.0 50 188
151 172 10.0 53 176
152 131 10.0 47 162
152 151 10.0 34 124
152 153 10.0 45 115
152 173 10.0 59 106
153 132 10.0 72 114
153 152 10.0 59 117
153 154 10.0 50 107
153 174 10.0 35 111
154 133 10.0 45 177
154 153 10.0 10 109
154 155 10.0 51 171
154 175 10.0 56 161
155 134 10.0 28 144
155 154 10.0 10 134
155 156 10.0 63 172
155 176 10.0 49 146
156 135 10.0 30 129
156 155 10.0 29 174
156 157 10.0 40 109
156 177 10.0 66 119
157 136 10.0 42 140
157 156 10.0 50 159
157 158 10.0 52 180
157 178 10.0 20 141
158 137 10.0 36 195
158 157 10.0 23 121
158 159 10.0 41 108
158 179 10.0 50 141
159 138 10.0 32 171
159 158 10.0 53 145
159 160 10.0 52 186
159 180 10.0 45 175
160 139 10.0 42 157
160 159 10.0 44 116
160 161 10.0 8 164
160 181 10.0 72 179
161 140 10.0 53 127
161 160 10.0 32 114
161 162 10.0 32 176
161 182 10.0 42 152
162 141 10.0 31 115
162 161 10.0 81 133
162 163 10.0 8 126
162 183 10.0 25 183
163 142 10.0 8 117
163 162 10.0 50 155
163 164 10.0 64 117
163 184 10.0 23 156
164 143 10.0 16 114
164 163 10.0 12 192
164 165 10.0 60 167
164 185 10.0 51 180
165 144 10.0 55 158
165 164 10.0 36 194
165 166 10.0 10 178
165 186 10.0 62 155
166 145 10.0 31 140
166 165 10.0 27 177
166 167 10.0 43 121
166 187 10.0 28 197
167 146 10.0 24 116
167 166 10.0 54 134
167 168 10.0 42 162
167 188 10.0 52 177
168 147 10.0 24 196
168 167 10.0 85 186
168 189 10.0 72 128
169 148 10.0 37 152
169 170 10.0 50 106
169 190 10.0 72 104
170 149 10.0 45 119
170 169 10.0 39 152
170 171 10.0 32 177
170 191 10.0 101 159
171 150 10.0 36 103
171 170 10.0 39 181
171 172 10.0 27 170
171 192 10.0 51 189
172 151 10.0 20 135
172 171 10.0 21 193
172 173 10.0 34 134
172 193 10.0 71 190
173 152 10.0 40 199
173 172 10.0 56 186
173 174 10.0 49 198
173 194 10.0 9 170
174 153 10.0 89 131
174 173 10.0 33 140
174 175 10.0 43 171
174 195 10.0 26 103
175 154 10.0 60 200
175 174 10.0 55 121
175 176 10.0 39 121
175 196 10.0 45 172
176 155 10.0 40 163
176 175 10.0 91 181
176 177 10.0 59 185
176 197 10.0 10 198
177 156 10.0 29 189
177 176 10.0 40 158
177 178 10.0 79 179
177 198 10.0 43 107
178 157 10.0 71 117
178 177 10.0 22 198
178 179 10.0 28 162
178 199 10.0 21 133
179 158 10.0 32 165
179 178 10.0 34 145
179 180 10.0 17 166
179 200 10.0 110 137
180 159 10.0 37 109
180 179 10.0 30 109
180 181 10.0 55 140
180 201 10.0 55 183
181 160 10.0 57 104
181 180 10.0 64 190
181 182 10.0 61 163
181 202 10.0 28 148
182 161 10.0 58 133
182 181 10.0 36 152
182 183 10.0 46 156
182 203 10.0 69 181
183 162 10.0 45 153
183 182 10.0 50 136
183 184 10.0 49 152
183 204 10.0 16 183
184 163 10.0 25 105
184 183 10.0 41 154
184 185 10.0 25 134
184 205 10.0 85 179
185 164 10.0 26 130
185 184 10.0 71 157
185 186 10.0 10 147
185 206 10.0 53 149
186 165 10.0 60 132
186 185 10.0 33 102
186 187 10.0 43 161
186 207 10.0 33 110
187 166 10.0 33 170
187 186 10.0 32 165
187 188 10.0 13 175
187 208 10.0 73 192
188 167 10.0 13 194
188 187 10.0 55 186
188 189 10.0 37 165
188 209 10.0 74 176
189 168 10.0 36 163
189 188 10.0 50 144
189 210 10.0 47 185
190 169 10.0 54 194
190 191 10.0 66 185
190 211 10.0 72 159
191 170 10.0 32 121
191 190 10.0 69 174
191 192 10.0 25 163
191 212 10.0 90 174
192 171 10.0 52 157
192 191 10.0 26 161
192 193 10.0 71 105
192 213 10.0 29 193
193 172 10.0 9 197
193 192 10.0 57 183
193 194 10.0 50 111
193 214 10.0 67 105
194 173 10.0 27 168
194 193 10.0 19 137
194 195 10.0 45 146
194 215 10.0 23 127
195 174 10.0 53 122
195 194 10.0 37 125
195 196 10.0 83 184
195 216 10.0 21 169
196 175 10.0 11 168
196 195 10.0 50 165
196 197 10.0 47 111
196 217 10.0 21 116
197 176 10.0 70 174
197 196 10.0 22 106
197 198 10.0 16 106
197 218 10.0 18 198
198 177 10.0 41 137
198 197 10.0 45 119
198 199 10.0 85 109
198 219 10.0 29 124
199 178 10.0 66 147
199 198 10.0 77 100
199 200 10.0 25 168
199 220 10.0 49 109
200 179 10.0 36 126
200 199 10.0 91 102
200 201 10.0 41 146
200 221 10.0 86 100
201 180 10.0 52 135
201 200 10.0 60 118
201 202 10.0 36 158
201 222 10.0 56 155
202 181 10.0 47 183
202 201 10.0 38 105
202 203 10.0 20 180
202 223 10.0 51 129
203 182 10.0 52 162
203 202 10.0 44 148
203 204 10.0 59 137
203 224 10.0 29 158
204 183 10.0 47 117
204 203 10.0 72 186
204 205 10.0 13 160
204 225 10.0 27 104
205 184 10.0 34 180
205 204 10.0 52 183
205 206 10.0 31 141
205 226 10.0 83 145
206 185 10.0 49 171
206 205 10.0 54 157
206 207 10.0 63 131
206 227 10.0 47 100
207 186 10.0 66 152
207 206 10.0 37 198
207 208 10.0 19 162
207 228 10.0 63 124
208 187 10.0 23 126
208 207 10.0 55 114
208 209 10.0 28 142
208 229 10.0 54 167
209 188 10.0 64 106
209 208 10.0 51 105
209 210 10.0 31 146
209 230 10.0 24 160
210 189 10.0 27 131
210 209 10.0 43 117
210 231 10.0 66 192
211 190 10.0 53 169
211 212 10.0 58 176
211 232 10.0 37 112
212 191 10.0 22 162
212 211 10.0 32 195
212 213 10.0 71 162
212 233 10.0 63 178
213 192 10.0 46 194
213 212 10.0 19 127
213 214 10.0 40 125
213 234 10.0 32 106
214 193 10.0 21 191
214 213 10.0 12 194
214 215 10.0 91 162
214 235 10.0 33 138
215 194 10.0 20 141
215 214 10.0 12 169
215 216 10.0 39 105
215 236 10.0 97 160
216 195 10.0 73 181
216 215 10.0 36 139
216 217 10.0 22 189
216 237 10.0 56 115
217 196 10.0 39 138
217 216 10.0 59 171
217 218 10.0 35 103
217 238 10.0 34 160
218 197 10.0 24 195
218 217 10.0 69 143
218 219 10.0 43 102
218 239 10.0 12 178
219 198 10.0 68 149
219 218 10.0 59 132
219 220 10.0 35 170
219 240 10.0 30 156
220 199 10.0 19 118
220 219 10.0 63 137
220 221 10.0 33 100
220 241 10.0 97 132
221 200 10.0 66 162
221 220 10.0 50 109
221 222 10.0 55 194
221 242 10.0 64 139
222 201 10.0 66 138
222 221 10.0 45 132
222 223 10.0 39 172
222 243 10.0 95 132
223 202 10.0 50 122
223 222 10.0 86 148
223 224 10.0 32 120
223 244 10.0 64 126
224 203 10.0 23 140
224 223 10.0 101 119
224 225 10.0 48 113
224 245 10.0 33 196
225 204 10.0 35 163
225 224 10.0 47 172
225 226 10.0 35 133
225 246 10.0 37 119
226 205 10.0 53 200
226 225 10.0 49 129
226 227 10.0 63 196
226 247 10.0 61 150
227 206 10.0 90 148
227 226 10.0 55 102
227 228 10.0 58 182
227 248 10.0 20 112
228 207 10.0 37 163
228 227 10.0 56 156
228 229 10.0 33 168
228 249 10.0 69 139
229 208 10.0 17 177
229 228 10.0 52 186
229 230 10.0 37 101
229 250 10.0 54 137
230 209 10.0 28 104
230 229 10.0 37 175
230 231 10.0 55 200
230 251 10.0 14 119
231 210 10.0 56 120
231 230 10.0 41 126
231 252 10.0 58 134
232 211 10.0 43 100
232 233 10.0 27 198
232 253 10.0 54 170
233 212 10.0 21 106
233 232 10.0 58 196
233 234 10.0 42 103
233 254 10.0 19 139
234 213 10.0 27 132
234 233 10.0 28 132
234 235 10.0 47 161
234 255 10.0 30 150
235 214 10.0 34 104
235 234 10.0 13 136
235 236 10.0 31 191
235 256 10.0 46 133
236 215 10.0 22 130
236 235 10.0 33 150
236 237 10.0 41 182
236 257 10.0 79 190
237 216 10.0 64 150
237 236 10.0 11 170
237 238 10.0 64 117
237 258 10.0 38 143
238 217 10.0 55 133
238 237 10.0 18 159
238 239 10.0 67 132
238 259 10.0 23 174
239 218 10.0 37 187
239 238 10.0 28 139
239 240 10.0 33 111
239 260 10.0 30 158
240 219 10.0 54 119
240 239 10.0 52 162
240 241 10.0 41 171
240 261 10.0 28 135
241 220 10.0 82 134
241 240 10.0 58 176
241 242 10.0 44 155
241 262 10.0 50 113
242 221 10.0 67 166
242 241 10.0 64 187
242 243 10.0 65 162
242 263 10.0 39 200
243 222 10.0 51 118
243 242 10.0 43 150
243 244 10.0 81 148
243 264 10.0 50 182
244 223 10.0 38 161
244 243 10.0 50 178
244 245 10.0 91 157
244 265 10.0 41 151
245 224 10.0 99 141
245 244 10.0 20 147
245 246 10.0 22 196
245 266 10.0 71 175
246 225 10.0 29 111
246 245 10.0 68 175
246 247 10.0 29 182
246 267 10.0 32 158
247 226 10.0 50 132
247 246 10.0 78 189
247 248 10.0 24 168
247 268 10.0 37 114
248 227 10.0 55 189
248 247 10.0 59 191
248 249 10.0 45 115
248 269 10.0 62 140
249 228 10.0 23 167
249 248 10.0 106 162
249 250 10.0 50 190
249 270 10.0 50 121
250 229 10.0 33 110
250 249 10.0 59 165
250 251 10.0 79 181
250 271 10.0 41 165
251 230 10.0 31 114
251 250 10.0 50 200
251 252 10.0 35 140
251 272 10.0 57 130
252 231 10.0 35 127
252 251 10.0 42 100
252 273 10.0 29 199
253 232 10.0 28 110
253 254 10.0 41 124
253 274 10.0 55 167
254 233 10.0 21 175
254 253 10.0 27 139
254 255 10.0 52 125
254 275 10.0 11 168
255 234 10.0 43 195
255 254 10.0 1 170
255 256 10.0 20 174
255 276 10.0 65 115
256 235 10.0 13 164
256 255 10.0 37 139
256 257 10.0 1 153
256 277 10.0 72 108
257 236 10.0 36 151
257 256 10.0 52 122
257 258 10.0 42 132
257 278 10.0 20 144
258 237 10.0 60 112
258 257 10.0 34 170
258 259 10.0 50 182
258 279 10.0 43 156
259 238 10.0 37 131
259 258 10.0 23 129
259 260 10.0 51 192
259 280 10.0 15 105
260 239 10.0 60 125
260 259 10.0 24 186
260 261 10.0 43 115
260 281 10.0 35 122
261 240 10.0 54 119
261 260 10.0 23 117
261 262 10.0 28 174
261 282 10.0 57 181
262 241 10.0 29 193
262 261 10.0 70 138
262 263 10.0 39 131
262 283 10.0 35 181
263 242 10.0 84 131
263 262 10.0 67 125
263 264 10.0 19 199
263 284 10.0 56 140
264 243 10.0 12 109
264 263 10.0 71 146
264 265 10.0 29 192
264 285 10.0 78 103
265 244 10.0 56 196
265 264 10.0 59 168
265 266 10.0 49 147
265 286 10.0 20 158
266 245 10.0 22 124
266 265 10.0 31 125
266 267 10.0 89 155
266 287 10.0 51 131
267 246 10.0 22 152
267 266 10.0 41 166
267 268 10.0 86 147
267 288 10.0 74 175
268 247 10.0 39 101
268 267 10.0 48 189
268 269 10.0 41 120
268 289 10.0 77 192
269 248 10.0 33 105
269 268 10.0 54 176
269 270 10.0 33 171
269 290 10.0 79 139
270 249 10.0 58 190
270 269 10.0 28 198
270 271 10.0 40 175
270 291 10.0 57 154
271 250 10.0 57 174
271 270 10.0 59 194
271 272 10.0 33 175
271 292 10.0 29 141
272 251 10.0 39 106
272 271 10.0 43 194
272 273 10.0 13 197
272 293 10.0 34 149
273 252 10.0 13 100
273 272 10.0 15 199
273 294 10.0 27 103
274 253 10.0 44 176
274 275 10.0 20 146
274 295 10.0 56 160
275 254 10.0 53 127
275 274 10.0 51 122
275 276 10.0 11 110
275 296 10.0 18 181
276 255 10.0 10 126
276 275 10.0 54 153
276 277 10.0 30 100
276 297 10.0 41 163
277 256 10.0 8 160
277 276 10.0 33 192
277 278 10.0 64 133
277 298 10.0 29 194
278 257 10.0 35 147
278 277 10.0 19 170
278 279 10.0 52 109
278 299 10.0 34 114
279 258 10.0 87 136
279 278 10.0 11 116
279 280 10.0 46 151
279 300 10.0 39 147
280 259 10.0 28 106
280 279 10.0 50 178
280 281 10.0 36 102
280 301 10.0 37 115
281 260 10.0 58 125
281 280 10.0 47 183
281 282 10.0 8 114
281 302 10.0 18 172
282 261 10.0 20 155
282 281 10.0 48 171
282 283 10.0 35 125
282 303 10.0 47 159
283 262 10.0 29 164
283 282 10.0 45 102
283 284 10.0 72 178
283 304 10.0 47 191
284 263 10.0 77 199
284 283 10.0 41 153
284 285 10.0 59 105
284 305 10.0 36 107
285 264 10.0 65 134
285 284 10.0 56 191
285 286 10.0 30 163
285 306 10.0 50 126
286 265 10.0 81 101
286 285 10.0 26 112
286 287 10.0 42 137
286 307 10.0 32 157
287 266 10.0 31 197
287 286 10.0 76 117
287 288 10.0 45 175
287 308 10.0 44 130
288 267 10.0 56 131
288 287 10.0 33 151
288 289 10.0 21 141
288 309 10.0 94 146
289 268 10.0 28 161
289 288 10.0 43 200
289 290 10.0 34 103
289 310 10.0 83 103
290 269 10.0 65 119
290 289 10.0 77 191
290 291 10.0 50 118
290 311 10.0 44 141
291 270 10.0 42 181
291 290 10.0 58 181
291 292 10.0 56 127
291 312 10.0 57 194
292 271 10.0 53 176
292 291 10.0 78 131
292 293 10.0 47 133
292 313 10.0 5 140
293 272 10.0 24 160
293 292 10.0 56 102
293 294 10.0 29 128
293 314 10.0 50 195
294 273 10.0 13 180
294 293 10.0 32 140
294 315 10.0 43 174
295 274 10.0 14 124
295 296 10.0 27 165
295 316 10.0 57 119
296 275 10.0 46 192
296 295 10.0 34 191
296 297 10.0 27 109
296 317 10.0 39 154
297 276 10.0 25 196
297 296 10.0 43 182
297 298 10.0 32 161
297 318 10.0 47 157
298 277 10.0 11 165
298 297 10.0 21 146
298 299 10.0 43 102
298 319 10.0 33 131
299 278 10.0 44 194
299 298 10.0 23 175
299 300 10.0 34 105
299 320 10.0 35 176
300 279 10.0 37 189
300 299 10.0 27 156
300 301 10.0 34 154
300 321 10.0 24 170
301 280 10.0 43 125
301 300 10.0 1 119
301 302 10.0 72 109
301 322 10.0 29 108
302 281 10.0 10 191
302 301 10.0 35 180
302 303 10.0 35 179
302 323 10.0 59 153
303 282 10.0 40 119
303 302 10.0 23 112
303 304 10.0 40 108
303 324 10.0 28 104
304 283 10.0 80 189
304 303 10.0 24 180
304 305 10.0 28 159
304 325 10.0 45 172
305 284 10.0 31 123
305 304 10.0 57 121
305 306 10.0 47 168
305 326 10.0 52 153
306 285 10.0 35 149
306 305 10.0 56 190
306 307 10.0 44 148
306 327 10.0 46 123
307 286 10.0 56 117
307 306 10.0 51 199
307 308 10.0 18 183
307 328 10.0 14 167
308 287 10.0 73 176
308 307 10.0 25 120
308 309 10.0 25 189
308 329 10.0 40 196
309 288 10.0 43 197
309 308 10.0 34 123
309 310 10.0 43 170
309 330 10.0 81 146
310 289 10.0 11 161
310 309 10.0 31 177
310 311 10.0 56 184
310 331 10.0 59 123
311 290 10.0 63 200
311 310 10.0 1 200
311 312 10.0 60 124
311 332 10.0 47 193
312 291 10.0 29 149
312 311 10.0 49 129
312 313 10.0 78 154
312 333 10.0 14 143
313 292 10.0 42 173
313 312 10.0 19 173
313 314 10.0 37 200
313 334 10.0 65 125
314 293 10.0 45 126
314 313 10.0 61 122
314 315 10.0 24 166
314 335 10.0 31 120
315 294 10.0 32 128
315 314 10.0 53 157
315 336 10.0 52 126
316 295 10.0 8 110
316 317 10.0 67 133
316 337 10.0 37 123
317 296 10.0 57 102
317 316 10.0 17 158
317 318 10.0 43 143
317 338 10.0 30 182
318 297 10.0 59 185
318 317 10.0 38 189
318 319 10.0 50 163
318 339 10.0 21 119
319 298 10.0 24 147
319 318 10.0 41 175
319 320 10.0 48 111
319 340 10.0 11 154
320 299 10.0 34 190
320 319 10.0 10 135
320 321 10.0 34 170
320 341 10.0 40 169
321 300 10.0 47 102
321 320 10.0 36 110
321 322 10.0 25 189
321 342 10.0 33 193
322 301 10.0 40 188
322 321 10.0 31 174
322 323 10.0 7 140
322 343 10.0 33 138
323 302 10.0 24 123
323 322 10.0 33 125
323 324 10.0 24 137
323 344 10.0 40 111
324 303 10.0 28 183
324 323 10.0 22 197
324 325 10.0 45 127
324 345 10.0 31 162
325 304 10.0 36 160
325 324 10.0 46 187
325 326 10.0 31 111
325 346 10.0 46 153
326 305 10.0 67 170
326 325 10.0 35 191
326 327 10.0 51 182
326 347 10.0 39 187
327 306 10.0 35 135
327 326 10.0 51 154
327 328 10.0 39 155
327 348 10.0 36 170
328 307 10.0 37 161
328 327 10.0 21 154
328 329 10.0 24 175
328 349 10.0 80 172
329 308 10.0 66 112
329 328 10.0 61 188
329 330 10.0 43 108
329 350 10.0 46 134
330 309 10.0 49 142
330 329 10.0 86 154
330 331 10.0 1 157
330 351 10.0 78 131
331 310 10.0 30 139
331 330 10.0 48 116
331 332 10.0 22 113
331 352 10.0 49 119
332 311 10.0 20 193
332 331 10.0 33 143
332 333 10.0 30 155
332 353 10.0 49 150
333 312 10.0 33 174
333 332 10.0 14 171
333 334 10.0 31 140
333 354 10.0 28 189
334 313 10.0 22 199
334 333 10.0 44 140
334 335 10.0 58 126
334 355 10.0 18 186
335 314 10.0 22 167
335 334 10.0 1 142
335 336 10.0 69 191
335 356 10.0 48 129
336 315 10.0 70 139
336 335 10.0 18 188
336 357 10.0 56 147
337 316 10.0 41 154
337 338 10.0 33 151
337 358 10.0 33 198
338 317 10.0 1 164
338 337 10.0 47 166
338 339 10.0 23 180
338 359 10.0 42 178
339 318 10.0 37 114
339 338 10.0 49 173
339 340 10.0 21 113
339 360 10.0 27 109
340 319 10.0 30 193
340 339 10.0 52 164
340 341 10.0 28 189
340 361 10.0 37 126
341 320 10.0 1 107
341 340 10.0 77 198
341 342 10.0 41 167
341 362 10.0 17 118
342 321 10.0 51 147
342 341 10.0 46 191
342 343 10.0 49 154
342 363 10.0 15 136
343 322 10.0 26 141
343 342 10.0 45 151
343 344 10.0 21 160
343 364 10.0 47 101
344 323 10.0 32 146
344 343 10.0 32 111
344 345 10.0 65 199
344 365 10.0 26 134
345 324 10.0 28 154
345 344 10.0 32 143
345 346 10.0 43 160
345 366 10.0 61 172
346 325 10.0 31 163
346 345 10.0 49 166
346 347 10.0 35 185
346 367 10.0 42 195
347 326 10.0 56 149
347 346 10.0 45 157
347 348 10.0 85 119
347 368 10.0 15 160
348 327 10.0 40 178
348 347 10.0 31 132
348 349 10.0 43 173
348 369 10.0 49 195
349 328 10.0 48 189
349 348 10.0 44 198
349 350 10.0 73 101
349 370 10.0 35 141
350 329 10.0 68 177
350 349 10.0 20 180
350 351 10.0 21 180
350 371 10.0 77 142
351 330 10.0 42 186
351 350 10.0 54 163
351 352 10.0 60 196
351 372 10.0 29 101
352 331 10.0 60 134
352 351 10.0 41 155
352 353 10.0 22 148
352 373 10.0 36 113
353 332 10.0 49 135
353 352 10.0 24 174
353 354 10.0 60 120
353 374 10.0 31 181
354 333 10.0 18 128
354 353 10.0 52 160
354 355 10.0 28 104
354 375 10.0 63 155
355 334 10.0 45 169
355 354 10.0 26 187
355 356 10.0 5 154
355 376 10.0 61 139
356 335 10.0 33 196
356 355 10.0 91 118
356 357 10.0 12 139
356 377 10.0 35 147
357 336 10.0 22 163
357 356 10.0 64 181
357 378 10.0 49 108
358 337 10.0 23 110
358 359 10.0 46 160
358 379 10.0 12 117
359 338 10.0 1 138
359 358 10.0 22 163
359 360 10.0 62 138
359 380 10.0 34 112
360 339 10.0 39 189
360 359 10.0 17 153
360 361 10.0 22 147
360 381 10.0 36 184
361 340 10.0 36 130
361 360 10.0 11 182
361 362 10.0 28 143
361 382 10.0 37 184
362 341 10.0 22 163
362 361 10.0 18 108
362 363 10.0 52 122
362 383 10.0 28 118
363 342 10.0 43 141
363 362 10.0 28 113
363 364 10.0 41 110
363 384 10.0 22 150
364 343 10.0 26 146
364 363 10.0 38 125
364 365 10.0 34 170
364 385 10.0 36 154
365 344 10.0 63 113
365 364 10.0 26 116
365 366 10.0 28 118
365 386 10.0 32 170
366 345 10.0 16 151
366 365 10.0 49 161
366 367 10.0 66 182
366 387 10.0 10 137
367 346 10.0 25 200
367 366 10.0 24 170
367 368 10.0 34 194
367 388 10.0 72 170
368 347 10.0 51 124
368 367 10.0 24 124
368 369 10.0 59 137
368 389 10.0 22 154
369 348 10.0 41 145
369 368 10.0 51 176
369 370 10.0 66 107
369 390 10.0 24 193
370 349 10.0 57 130
370 369 10.0 60 114
370 371 10.0 8 166
370 391 10.0 83 151
371 350 10.0 14 121
371 370 10.0 74 110
371 372 10.0 17 129
371 392 10.0 43 188
372 351 10.0 44 112
372 371 10.0 62 137
372 373 10.0 21 100
372 393 10.0 53 113
373 352 10.0 25 178
373 372 10.0 54 171
373 374 10.0 11 195
373 394 10.0 14 153
374 353 10.0 40 116
374 373 10.0 26 113
374 375 10.0 8 186
374 395 10.0 15 183
375 354 10.0 47 165
375 374 10.0 1 168
375 376 10.0 61 197
375 396 10.0 41 112
376 355 10.0 1 177
376 375 10.0 32 132
376 377 10.0 48 146
376 397 10.0 73 109
377 356 10.0 53 177
377 376 10.0 24 193
377 378 10.0 35 150
377 398 10.0 22 150
378 357 10.0 20 179
378 377 10.0 30 177
378 399 10.0 64 136
379 358 10.0 26 101
379 380 10.0 12 182
379 400 10.0 36 111
380 359 10.0 12 112
380 379 10.0 38 177
380 381 10.0 1 162
380 401 10.0 30 136
381 360 10.0 15 173
381 380 10.0 20 109
381 382 10.0 29 153
381 402 10.0 11 187
382 361 10.0 35 133
382 381 10.0 15 190
382 383 10.0 29 121
382 403 10.0 26 187
383 362 10.0 47 148
383 382 10.0 8 127
383 384 10.0 24 188
383 404 10.0 36 151
384 363 10.0 29 118
384 383 10.0 1 187
384 385 10.0 17 124
384 405 10.0 49 101
385 364 10.0 20 185
385 384 10.0 28 119
385 386 10.0 48 154
385 406 10.0 20 124
386 365 10.0 41 199
386 385 10.0 20 106
386 387 10.0 24 101
386 407 10.0 45 138
387 366 10.0 28 156
387 386 10.0 32 125
387 388 10.0 13 191
387 408 10.0 53 133
388 367 10.0 21 107
388 387 10.0 43 189
388 389 10.0 29 189
388 409 10.0 31 134
389 368 10.0 56 132
389 388 10.0 16 113
389 390 10.0 39 172
389 410 10.0 12 132
390 369 10.0 11 143
390 389 10.0 29 179
390 391 10.0 18 170
390 411 10.0 71 107
391 370 10.0 37 135
391 390 10.0 54 114
391 392 10.0 63 101
391 412 10.0 24 192
392 371 10.0 1 148
392 391 10.0 8 112
392 393 10.0 58 124
392 413 10.0 61 183
393 372 10.0 76 178
393 392 10.0 1 142
393 394 10.0 19 120
393 414 10.0 61 105
394 373 10.0 21 131
394 393 10.0 14 140
394 395 10.0 55 114
394 415 10.0 29 162
395 374 10.0 48 161
395 394 10.0 29 145
395 396 10.0 37 151
395 416 10.0 8 128
396 375 10.0 46 112
396 395 10.0 22 121
396 397 10.0 51 141
396 417 10.0 42 194
397 376 10.0 10 144
397 396 10.0 58 191
397 398 10.0 52 133
397 418 10.0 38 194
398 377 10.0 22 168
398 397 10.0 1 183
398 399 10.0 39 167
398 419 10.0 61 130
399 378 10.0 81 135
399 398 10.0 24 185
399 420 10.0 54 189
400 379 10.0 24 153
400 401 10.0 35 184
400 421 10.0 11 124
401 380 10.0 14 109
401 400 10.0 11 163
401 402 10.0 10 179
401 422 10.0 75 187
402 381 10.0 23 188
402 401 10.0 31 155
402 403 10.0 15 173
402 423 10.0 10 197
403 382 10.0 32 168
403 402 10.0 31 157
403 404 10.0 50 103
403 424 10.0 14 199
404 383 10.0 59 138
404 403 10.0 40 119
404 405 10.0 9 181
404 425 10.0 29 108
405 384 10.0 21 147
405 404 10.0 24 142
405 406 10.0 13 186
405 426 10.0 52 171
406 385 10.0 42 105
406 405 10.0 35 161
406 407 10.0 22 171
406 427 10.0 37 115
407 386 10.0 19 113
407 406 10.0 56 197
407 408 10.0 58 101
407 428 10.0 38 104
408 387 10.0 46 123
408 407 10.0 59 130
408 409 10.0 41 138
408 429 10.0 21 123
409 388 10.0 22 167
409 408 10.0 26 178
409 410 10.0 84 113
409 430 10.0 19 151
410 389 10.0 44 189
410 409 10.0 9 124
410 411 10.0 35 117
410 431 10.0 53 125
411 390 10.0 57 143
411 410 10.0 18 171
411 412 10.0 43 168
411 432 10.0 38 142
412 391 10.0 71 147
412 411 10.0 39 101
412 413 10.0 21 105
412 433 10.0 54 126
413 392 10.0 23 110
413 412 10.0 65 145
413 414 10.0 32 195
413 434 10.0 30 112
414 393 10.0 34 113
414 413 10.0 33 149
414 415 10.0 31 173
414 435 10.0 43 187
415 394 10.0 57 107
415 414 10.0 1 147
415 416 10.0 24 133
415 436 10.0 70 166
416 395 10.0 77 111
416 415 10.0 22 121
416 417 10.0 1 148
416 437 10.0 8 157
417 396 10.0 23 140
417 416 10.0 41 139
417 418 10.0 26 154
417 438 10.0 27 185
418 397 10.0 31 156
418 417 10.0 39 190
418 419 10.0 35 193
418 439 10.0 18 114
419 398 10.0 27 113
419 418 10.0 33 198
419 420 10.0 36 148
419 440 10.0 27 136
420 399 10.0 52 167
420 419 10.0 16 130
420 441 10.0 56 190
421 400 10.0 24 198
421 422 10.0 11 153
422 401 10.0 14 105
422 421 10.0 24 179
422 423 10.0 65 189
423 402 10.0 27 125
423 422 10.0 14 173
423 424 10.0 71 143
424 403 10.0 46 171
424 423 10.0 40 153
424 425 10.0 40 192
425 404 10.0 26 104
425 424 10.0 41 190
425 426 10.0 55 194
426 405 10.0 17 173
426 425 10.0 51 182
426 427 10.0 77 139
427 406 10.0 50 172
427 426 10.0 37 114
427 428 10.0 60 113
428 407 10.0 43 150
428 427 10.0 32 142
428 429 10.0 59 103
429 408 10.0 33 171
429 428 10.0 37 116
429 430 10.0 39 121
430 409 10.0 72 101
430 429 10.0 30 184
430 431 10.0 19 184
431 410 10.0 25 133
431 430 10.0 63 133
431 432 10.0 51 175
432 411 10.0 13 124
432 431 10.0 67 169
432 433 10.0 48 161
433 412 10.0 49 155
433 432 10.0 39 125
433 434 10.0 35 154
434 413 10.0 35 173
434 433 10.0 21 142
434 435 10.0 49 191
435 414 10.0 47 122
435 434 10.0 40 100
435 436 10.0 56 168
436 415 10.0 70 115
436 435 10.0 50 152
436 437 10.0 32 199
437 416 10.0 34 119
437 436 10.0 26 186
437 438 10.0 38 187
438 417 10.0 36 128
438 437 10.0 58 178
438 439 10.0 21 173
439 418 10.0 25 110
439 438 10.0 53 163
439 440 10.0 31 124
440 419 10.0 11 123
440 439 10.0 69 155
440 441 10.0 35 191
441 420 10.0 35 125
441 440 10.0 55 158
53 348 41
357 378 47
179 390 46
3 178 57
7 137 52
347 395 46
125 239 60
248 97 39
150 196 58
20 156 52
