500 121 440
1 0 10000
1 10 10
2 10 20
3 10 30
4 10 40
5 10 50
6 10 60
7 10 70
8 10 80
9 10 90
10 10 100
11 10 110
12 20 10
13 20 20
14 20 30
15 20 40
16 20 50
17 20 60
18 20 70
19 20 80
20 20 90
21 20 100
22 20 110
23 30 10
24 30 20
25 30 30
26 30 40
27 30 50
28 30 60
29 30 70
30 30 80
31 30 90
32 30 100
33 30 110
34 40 10
35 40 20
36 40 30
37 40 40
38 40 50
39 40 60
40 40 70
41 40 80
42 40 90
43 40 100
44 40 110
45 50 10
46 50 20
47 50 30
48 50 40
49 50 50
50 50 60
51 50 70
52 50 80
53 50 90
54 50 100
55 50 110
56 60 10
57 60 20
58 60 30
59 60 40
60 60 50
61 60 60
62 60 70
63 60 80
64 60 90
65 60 100
66 60 110
67 70 10
68 70 20
69 70 30
70 70 40
71 70 50
72 70 60
73 70 70
74 70 80
75 70 90
76 70 100
77 70 110
78 80 10
79 80 20
80 80 30
81 80 40
82 80 50
83 80 60
84 80 70
85 80 80
86 80 90
87 80 100
88 80 110
89 90 10
90 90 20
91 90 30
92 90 40
93 90 50
94 90 60
95 90 70
96 90 80
97 90 90
98 90 100
99 90 110
100 100 10
101 100 20
102 100 30
103 100 40
104 100 50
105 100 60
106 100 70
107 100 80
108 100 90
109 100 100
110 100 110
111 110 10
112 110 20
113 110 30
114 110 40
115 110 50
116 110 60
117 110 70
118 110 80
119 110 90
120 110 100
121 110 110
1 2 10.0 1505 117
1 12 10.0 1545 160
2 1 10.0 1481 172
2 3 10.0 1970 132
2 13 10.0 1297 112
3 2 10.0 1745 200
3 4 10.0 2255 171
3 14 10.0 1862 104
4 3 10.0 2197 172
4 5 10.0 2375 111
4 15 10.0 1864 155
5 4 10.0 2483 165
5 6 10.0 2391 111
5 16 10.0 2125 103
6 5 10.0 2531 140
6 7 10.0 2574 158
6 17 10.0 2057 129
7 6 10.0 2704 175
7 8 10.0 2491 151
7 18 10.0 2103 178
8 7 10.0 2238 195
8 9 10.0 2176 166
8 19 10.0 2089 159
9 8 10.0 2438 184
9 10 10.0 1755 112
9 20 10.0 1750 162
10 9 10.0 2109 170
10 11 10.0 1478 130
10 21 10.0 1133 132
11 10 10.0 1604 172
11 22 10.0 1532 127
12 1 10.0 1471 196
12 13 10.0 1241 185
12 23 10.0 2000 189
13 2 10.0 1395 148
13 12 10.0 1433 200
13 14 10.0 1534 111
13 24 10.0 1708 136
14 3 10.0 1708 165
14 13 10.0 1717 153
14 15 10.0 1861 192
14 25 10.0 1689 162
15 4 10.0 1910 101
15 14 10.0 1789 155
15 16 10.0 1919 179
15 26 10.0 2203 110
16 5 10.0 1932 100
16 15 10.0 1799 102
16 17 10.0 2067 184
16 27 10.0 2256 107
17 6 10.0 2241 111
17 16 10.0 2276 108
17 18 10.0 1945 113
17 28 10.0 2161 166
18 7 10.0 2116 181
18 17 10.0 2178 132
18 19 10.0 1718 186
18 29 10.0 2271 179
19 8 10.0 1956 183
19 18 10.0 1968 132
19 20 10.0 1643 107
19 30 10.0 2124 101
20 9 10.0 1611 193
20 19 10.0 1839 189
20 21 10.0 1503 127
20 31 10.0 1851 137
21 10 10.0 1581 168
21 20 10.0 1717 181
21 22 10.0 1496 129
21 32 10.0 1355 129
22 11 10.0 1536 191
22 21 10.0 1594 174
22 33 10.0 2004 104
23 12 10.0 1748 187
23 24 10.0 1837 134
23 34 10.0 2195 108
24 13 10.0 1773 137
24 23 10.0 1799 101
24 25 10.0 2109 196
24 35 10.0 1770 179
25 14 10.0 2040 118
25 24 10.0 1773 140
25 26 10.0 2093 187
25 36 10.0 2068 105
26 15 10.0 1979 158
26 25 10.0 2073 163
26 27 10.0 2304 121
26 37 10.0 2218 168
27 16 10.0 2037 182
27 26 10.0 2189 165
27 28 10.0 2359 103
27 38 10.0 2427 118
28 17 10.0 2178 178
28 27 10.0 2227 126
28 29 10.0 2109 111
28 39 10.0 2404 157
29 18 10.0 2183 157
29 28 10.0 2100 173
29 30 10.0 2542 128
29 40 10.0 1921 172
30 19 10.0 1979 200
30 29 10.0 2028 196
30 31 10.0 1894 180
30 41 10.0 2365 186
31 20 10.0 1885 131
31 30 10.0 1819 177
31 32 10.0 2119 175
31 42 10.0 1784 119
32 21 10.0 1819 154
32 31 10.0 1787 165
32 33 10.0 1925 131
32 43 10.0 1810 139
33 22 10.0 2110 132
33 32 10.0 1605 117
33 44 10.0 2208 155
34 23 10.0 2091 176
34 35 10.0 1954 106
34 45 10.0 2363 128
35 24 10.0 1990 133
35 34 10.0 1805 116
35 36 10.0 1957 100
35 46 10.0 2164 163
36 25 10.0 2090 120
36 35 10.0 2264 179
36 37 10.0 2091 105
36 47 10.0 2069 138
37 26 10.0 1971 193
37 36 10.0 2193 112
37 38 10.0 2469 146
37 48 10.0 2233 104
38 27 10.0 2185 120
38 37 10.0 2301 135
38 39 10.0 2301 189
38 49 10.0 2303 145
39 28 10.0 2266 171
39 38 10.0 2383 131
39 40 10.0 2436 161
39 50 10.0 2201 174
40 29 10.0 2503 167
40 39 10.0 2287 137
40 41 10.0 1958 139
40 51 10.0 2479 158
41 30 10.0 1941 165
41 40 10.0 2231 183
41 42 10.0 2160 112
41 52 10.0 2134 154
42 31 10.0 2004 196
42 41 10.0 1974 133
42 43 10.0 2048 186
42 53 10.0 1913 141
43 32 10.0 2052 150
43 42 10.0 1941 145
43 44 10.0 2020 134
43 54 10.0 1753 120
44 33 10.0 2068 176
44 43 10.0 1695 133
44 55 10.0 2632 165
45 34 10.0 2562 117
45 46 10.0 2195 182
45 56 10.0 2334 145
46 35 10.0 2055 180
46 45 10.0 2169 144
46 47 10.0 1967 129
46 57 10.0 2294 136
47 36 10.0 2192 130
47 46 10.0 2130 101
47 48 10.0 2092 190
47 58 10.0 2229 172
48 37 10.0 2106 171
48 47 10.0 2413 154
48 49 10.0 2098 161
48 59 10.0 2167 143
49 38 10.0 2281 136
49 48 10.0 2191 121
49 50 10.0 2438 183
49 60 10.0 2282 199
50 39 10.0 2373 181
50 49 10.0 2151 109
50 51 10.0 2338 100
50 61 10.0 2446 170
51 40 10.0 2624 116
51 50 10.0 2361 193
51 52 10.0 2409 124
51 62 10.0 2187 183
52 41 10.0 2241 194
52 51 10.0 2409 198
52 53 10.0 2091 102
52 63 10.0 2366 168
53 42 10.0 2003 113
53 52 10.0 2369 166
53 54 10.0 1959 141
53 64 10.0 2109 174
54 43 10.0 2324 153
54 53 10.0 2358 124
54 55 10.0 1833 126
54 65 10.0 2314 109
55 44 10.0 2289 121
55 54 10.0 2489 131
55 66 10.0 2447 172
56 45 10.0 2528 173
56 57 10.0 2013 170
56 67 10.0 2395 170
57 46 10.0 1888 198
57 56 10.0 2027 177
57 58 10.0 2247 121
57 68 10.0 2194 167
58 47 10.0 2172 111
58 57 10.0 2130 139
58 59 10.0 2165 109
58 69 10.0 2080 179
59 48 10.0 2266 109
59 58 10.0 1886 179
59 60 10.0 2225 144
59 70 10.0 2201 153
60 49 10.0 2533 193
60 59 10.0 2306 193
60 61 10.0 2264 171
60 71 10.0 2155 199
61 50 10.0 2305 184
61 60 10.0 2556 137
61 62 10.0 2385 195
61 72 10.0 2225 115
62 51 10.0 2485 149
62 61 10.0 2472 106
62 63 10.0 2408 135
62 73 10.0 2192 169
63 52 10.0 2113 164
63 62 10.0 2535 128
63 64 10.0 2340 192
63 74 10.0 2409 172
64 53 10.0 2291 116
64 63 10.0 2319 180
64 65 10.0 2022 191
64 75 10.0 2091 180
65 54 10.0 2252 199
65 64 10.0 2207 200
65 66 10.0 1929 185
65 76 10.0 2357 149
66 55 10.0 2484 144
66 65 10.0 2140 180
66 77 10.0 2305 159
67 56 10.0 2513 140
67 68 10.0 1947 103
67 78 10.0 2342 157
68 57 10.0 2005 160
68 67 10.0 1693 124
68 69 10.0 2002 118
68 79 10.0 2055 139
69 58 10.0 2301 110
69 68 10.0 2120 171
69 70 10.0 2230 155
69 80 10.0 1872 119
70 59 10.0 2074 151
70 69 10.0 2321 198
70 71 10.0 2165 177
70 81 10.0 2076 171
71 60 10.0 2162 169
71 70 10.0 2481 173
71 72 10.0 2377 141
71 82 10.0 2195 157
72 61 10.0 2284 110
72 71 10.0 2261 169
72 73 10.0 2501 172
72 83 10.0 2179 200
73 62 10.0 2274 144
73 72 10.0 2498 189
73 74 10.0 2342 129
73 84 10.0 2414 140
74 63 10.0 2344 112
74 73 10.0 2343 164
74 75 10.0 2025 122
74 85 10.0 2101 173
75 64 10.0 2219 131
75 74 10.0 2185 107
75 76 10.0 2098 197
75 86 10.0 2053 144
76 65 10.0 2018 117
76 75 10.0 2309 168
76 77 10.0 2015 151
76 87 10.0 2260 137
77 66 10.0 2563 165
77 76 10.0 1905 147
77 88 10.0 2207 112
78 67 10.0 2414 162
78 79 10.0 1853 115
78 89 10.0 1938 174
79 68 10.0 1752 149
79 78 10.0 1742 108
79 80 10.0 2053 115
79 90 10.0 1933 165
80 69 10.0 2273 128
80 79 10.0 1927 170
80 81 10.0 1682 174
80 91 10.0 2080 195
81 70 10.0 1925 101
81 80 10.0 2236 108
81 82 10.0 1836 131
81 92 10.0 2080 192
82 71 10.0 2302 138
82 81 10.0 2150 179
82 83 10.0 2404 105
82 93 10.0 2054 196
83 72 10.0 2265 123
83 82 10.0 2290 175
83 84 10.0 2238 199
83 94 10.0 2190 199
84 73 10.0 2485 190
84 83 10.0 2391 168
84 85 10.0 2159 196
84 95 10.0 2293 172
85 74 10.0 2170 123
85 84 10.0 2419 180
85 86 10.0 2031 107
85 96 10.0 2038 129
86 75 10.0 2051 155
86 85 10.0 2227 139
86 87 10.0 1808 131
86 97 10.0 2212 147
87 76 10.0 2245 155
87 86 10.0 2189 105
87 88 10.0 1778 136
87 98 10.0 1935 124
88 77 10.0 2306 125
88 87 10.0 2034 161
88 99 10.0 2255 129
89 78 10.0 2217 167
89 90 10.0 1656 108
89 100 10.0 1698 126
90 79 10.0 1567 143
90 89 10.0 1920 113
90 91 10.0 1822 175
90 101 10.0 1616 131
91 80 10.0 1998 115
91 90 10.0 1687 151
91 92 10.0 1886 101
91 102 10.0 1879 130
92 81 10.0 2212 129
92 91 10.0 2007 161
92 93 10.0 1912 146
92 103 10.0 1608 147
93 82 10.0 2297 103
93 92 10.0 2302 165
93 94 10.0 1773 167
93 104 10.0 1925 138
94 83 10.0 2183 117
94 93 10.0 2183 137
94 95 10.0 2008 189
94 105 10.0 2188 143
95 84 10.0 2142 185
95 94 10.0 2275 115
95 96 10.0 2175 164
95 106 10.0 2000 102
96 85 10.0 2023 192
96 95 10.0 2244 146
96 97 10.0 1927 133
96 107 10.0 1897 168
97 86 10.0 1959 198
97 96 10.0 2018 133
97 98 10.0 1859 100
97 108 10.0 1855 147
98 87 10.0 1543 131
98 97 10.0 1632 162
98 99 10.0 2001 114
98 109 10.0 1757 175
99 88 10.0 2360 194
99 98 10.0 1858 190
99 110 10.0 2058 155
100 89 10.0 2040 144
100 101 10.0 1217 169
100 111 10.0 1395 186
101 90 10.0 1505 144
101 100 10.0 1540 146
101 102 10.0 1299 128
101 112 10.0 1399 167
102 91 10.0 1619 176
102 101 10.0 1726 122
102 103 10.0 1704 110
102 113 10.0 1677 194
103 92 10.0 1811 175
103 102 10.0 1803 146
103 104 10.0 1809 189
103 114 10.0 1704 199
104 93 10.0 2043 183
104 103 10.0 1874 155
104 105 10.0 1817 188
104 115 10.0 2050 162
105 94 10.0 2275 143
105 104 10.0 2035 137
105 106 10.0 1977 153
105 116 10.0 1934 183
106 95 10.0 2116 194
106 105 10.0 1890 162
106 107 10.0 2019 188
106 117 10.0 2241 181
107 96 10.0 2088 139
107 106 10.0 2134 194
107 108 10.0 1669 117
107 118 10.0 1892 152
108 97 10.0 1907 164
108 107 10.0 1792 122
108 109 10.0 1645 131
108 119 10.0 1569 171
109 98 10.0 1585 157
109 108 10.0 1800 170
109 110 10.0 1782 134
109 120 10.0 1356 164
110 99 10.0 1927 136
110 109 10.0 1314 109
110 121 10.0 1600 160
111 100 10.0 1599 194
111 112 10.0 1306 140
112 101 10.0 1333 166
112 111 10.0 1619 179
112 113 10.0 1788 128
113 102 10.0 1675 189
113 112 10.0 1784 200
113 114 10.0 2129 188
114 103 10.0 2007 120
114 113 10.0 2047 130
114 115 10.0 2075 168
115 104 10.0 1911 163
115 114 10.0 2257 179
115 116 10.0 2464 162
116 105 10.0 2231 134
116 115 10.0 2533 134
116 117 10.0 2255 142
117 106 10.0 2394 198
117 116 10.0 2675 140
117 118 10.0 1959 186
118 107 10.0 2046 176
118 117 10.0 2536 152
118 119 10.0 2075 124
119 108 10.0 1559 185
119 118 10.0 2607 170
119 120 10.0 1868 179
120 109 10.0 1465 181
120 119 10.0 2216 111
120 121 10.0 1188 110
121 110 10.0 1300 151
121 120 10.0 1620 148
18 16 47
11 17 47
7 83 53
36 8 46
81 89 58
56 55 55
27 100 42
2 116 47
50 22 60
28 73 53
7 8 64
83 48 54
31 14 54
67 85 52
118 115 62
87 22 62
73 85 44
96 52 42
15 61 57
39 59 53
31 16 57
40 28 63
51 74 53
93 18 54
59 27 48
98 78 49
87 64 50
116 27 52
45 92 52
47 33 50
63 57 59
23 39 51
32 97 34
62 57 51
3 33 49
71 108 48
82 38 44
19 115 55
55 9 31
90 23 47
68 119 45
37 89 57
111 70 49
12 55 48
68 85 51
12 69 55
86 94 60
25 60 45
78 53 49
37 100 59
103 119 45
40 3 61
14 79 53
116 38 50
97 86 44
22 47 57
82 43 44
109 66 56
109 101 47
54 58 52
24 17 46
73 49 46
66 55 41
34 57 54
66 5 46
26 102 49
99 26 52
85 29 57
112 33 57
39 111 50
102 6 52
34 46 37
117 96 46
26 11 46
100 5 48
18 92 51
82 113 39
103 94 52
1 117 47
57 119 55
100 94 55
87 97 59
49 107 37
110 37 52
81 29 59
16 109 47
22 38 49
112 87 39
10 31 39
82 33 51
104 16 58
53 30 52
47 30 59
17 60 58
6 112 43
113 117 59
52 16 62
85 86 70
69 14 48
32 105 56
64 24 53
57 94 51
73 34 57
115 72 48
119 14 49
7 3 54
37 68 46
87 91 53
40 39 47
120 23 51
26 33 42
118 20 51
21 97 51
117 45 46
121 68 38
34 80 38
42 51 57
79 104 43
18 96 49
119 121 53
117 108 52
86 72 56
112 78 52
87 63 48
24 29 46
52 18 44
113 85 35
113 102 38
82 42 51
65 98 47
72 106 53
48 36 47
121 29 50
19 96 47
49 51 43
40 69 59
11 8 43
120 31 51
94 91 40
54 101 48
111 72 51
56 57 46
117 21 46
114 102 49
39 8 54
31 3 58
11 115 62
119 24 54
96 97 68
55 69 47
55 43 59
54 77 47
120 19 46
108 112 42
39 93 61
73 57 46
2 18 49
107 4 48
94 89 46
61 81 50
5 94 40
106 79 39
76 59 51
97 65 54
81 18 61
26 50 51
13 56 42
60 15 54
3 91 61
36 38 55
111 30 49
88 121 59
119 95 59
46 42 52
1 13 50
63 41 51
84 38 50
109 8 38
57 22 55
7 38 49
95 39 44
17 20 48
7 21 45
55 49 38
88 37 43
66 30 46
62 61 46
107 34 49
72 87 50
3 79 58
40 4 53
13 65 71
35 51 48
67 62 42
108 36 54
57 76 51
91 74 47
14 83 49
33 90 52
26 110 43
21 103 47
83 8 42
93 5 51
50 68 45
46 6 60
103 107 44
57 6 60
79 57 52
1 50 56
79 98 49
74 39 53
92 113 45
73 63 45
32 14 40
26 107 51
49 82 54
14 115 46
34 111 50
88 7 55
87 111 56
110 47 56
5 87 53
15 10 49
55 42 48
86 51 57
110 53 49
50 12 45
104 96 46
76 74 48
75 91 45
54 14 48
36 49 46
14 67 47
105 39 36
121 120 56
13 20 55
94 41 43
56 105 45
6 2 42
71 91 55
109 28 40
72 98 60
45 34 52
73 59 41
115 59 53
87 19 42
37 36 48
12 116 53
66 63 45
56 77 41
79 51 67
15 70 50
89 43 57
62 115 50
20 96 49
30 38 58
27 81 59
37 28 42
42 99 60
7 1 47
85 2 63
34 83 55
44 4 38
36 34 51
96 12 40
45 110 56
52 45 52
80 52 60
6 114 56
25 50 30
36 76 33
87 37 40
41 66 43
33 48 44
56 111 45
35 61 42
85 117 44
18 72 42
41 32 48
97 52 48
112 68 51
26 59 50
104 85 55
112 111 52
17 13 53
93 6 42
43 119 43
54 92 49
71 77 51
113 62 40
33 51 39
65 19 55
48 104 43
81 117 45
112 74 43
108 119 41
50 84 48
118 57 57
62 28 42
61 78 48
17 1 48
99 47 53
98 92 53
16 30 63
22 26 51
55 80 52
46 101 44
114 80 51
77 41 45
49 84 63
87 35 56
105 34 35
43 106 50
45 63 36
20 55 47
71 111 55
109 38 51
71 23 42
48 42 38
77 75 41
55 100 47
84 15 49
85 40 54
1 66 44
93 97 52
31 98 46
82 31 50
29 110 50
87 28 57
99 117 63
88 119 40
94 56 44
47 120 62
65 93 54
38 118 54
101 30 42
22 32 42
88 70 47
18 48 51
115 83 54
113 103 54
86 16 40
110 72 39
15 78 48
5 105 39
99 39 46
36 63 38
58 81 56
112 8 59
89 30 37
105 98 55
78 68 53
5 101 56
55 101 52
109 106 46
37 114 50
104 22 45
7 54 44
119 13 57
67 73 55
62 53 55
91 53 59
28 100 56
65 84 56
61 58 53
71 14 59
52 87 52
54 2 42
78 29 43
72 23 47
71 16 53
75 37 53
23 37 43
104 34 59
97 110 44
44 91 54
39 22 30
87 20 54
42 81 46
37 106 43
49 96 52
115 25 48
52 50 44
71 37 49
72 31 41
85 72 62
119 34 41
66 24 31
52 6 49
61 89 54
55 23 44
25 105 49
79 37 39
84 66 36
28 77 52
121 49 60
105 51 51
41 25 51
29 100 53
91 70 58
19 26 45
79 112 49
118 71 58
121 104 56
106 53 47
17 63 53
62 114 41
67 28 47
47 96 49
77 7 46
87 45 50
85 30 49
102 53 47
42 45 51
117 74 46
121 4 46
82 118 44
21 53 62
43 110 40
98 85 51
11 98 51
78 83 39
118 82 41
33 14 48
119 110 40
21 10 53
100 95 40
90 58 61
54 106 57
15 80 53
108 110 47
37 22 44
111 92 50
77 35 48
28 23 54
33 99 47
13 58 44
48 89 35
68 92 50
15 89 48
86 65 50
61 103 57
2 98 55
114 14 47
18 68 55
26 36 41
100 56 41
83 72 37
87 11 57
87 43 49
49 70 51
6 89 54
93 23 46
108 97 41
8 78 50
30 100 59
97 17 44
95 74 57
65 27 55
78 25 45
114 83 39
115 20 54
31 68 52
4 80 58
59 65 58
84 44 46
56 10 45
32 87 51
45 83 54
21 85 53
51 71 33
43 91 49
13 79 53
114 115 62
47 38 50
102 11 41
28 14 55
82 96 46
65 108 50
37 110 72
119 54 41
54 42 48
37 98 49
9 48 62
32 76 57
96 85 48
37 46 47
53 43 48
5 95 59
94 40 53
77 20 43
84 16 43
84 121 54
70 52 40
51 68 65
4 59 57
14 46 52
54 34 56
87 4 62
23 27 59
