10 121 440
1 0 10000
1 10 10
2 10 20
3 10 30
4 10 40
5 10 50
6 10 60
7 10 70
8 10 80
9 10 90
10 10 100
11 10 110
12 20 10
13 20 20
14 20 30
15 20 40
16 20 50
17 20 60
18 20 70
19 20 80
20 20 90
21 20 100
22 20 110
23 30 10
24 30 20
25 30 30
26 30 40
27 30 50
28 30 60
29 30 70
30 30 80
31 30 90
32 30 100
33 30 110
34 40 10
35 40 20
36 40 30
37 40 40
38 40 50
39 40 60
40 40 70
41 40 80
42 40 90
43 40 100
44 40 110
45 50 10
46 50 20
47 50 30
48 50 40
49 50 50
50 50 60
51 50 70
52 50 80
53 50 90
54 50 100
55 50 110
56 60 10
57 60 20
58 60 30
59 60 40
60 60 50
61 60 60
62 60 70
63 60 80
64 60 90
65 60 100
66 60 110
67 70 10
68 70 20
69 70 30
70 70 40
71 70 50
72 70 60
73 70 70
74 70 80
75 70 90
76 70 100
77 70 110
78 80 10
79 80 20
80 80 30
81 80 40
82 80 50
83 80 60
84 80 70
85 80 80
86 80 90
87 80 100
88 80 110
89 90 10
90 90 20
91 90 30
92 90 40
93 90 50
94 90 60
95 90 70
96 90 80
97 90 90
98 90 100
99 90 110
100 100 10
101 100 20
102 100 30
103 100 40
104 100 50
105 100 60
106 100 70
107 100 80
108 100 90
109 100 100
110 100 110
111 110 10
112 110 20
113 110 30
114 110 40
115 110 50
116 110 60
117 110 70
118 110 80
119 110 90
120 110 100
121 110 110
1 2 10.0 26 104
1 12 10.0 73 133
2 1 10.0 24 119
2 3 10.0 91 183
2 13 10.0 28 112
3 2 10.0 14 174
3 4 10.0 70 150
3 14 10.0 82 124
4 3 10.0 45 107
4 5 10.0 56 104
4 15 10.0 36 155
5 4 10.0 35 176
5 6 10.0 62 186
5 16 10.0 76 153
6 5 10.0 22 108
6 7 10.0 84 156
6 17 10.0 49 141
7 6 10.0 44 164
7 8 10.0 47 193
7 18 10.0 58 101
8 7 10.0 19 165
8 9 10.0 38 190
8 19 10.0 34 148
9 8 10.0 33 133
9 10 10.0 36 164
9 20 10.0 37 109
10 9 10.0 33 113
10 11 10.0 26 188
10 21 10.0 27 183
11 10 10.0 49 179
11 22 10.0 27 182
12 1 10.0 17 110
12 13 10.0 37 129
12 23 10.0 36 179
13 2 10.0 48 106
13 12 10.0 8 122
13 14 10.0 40 153
13 24 10.0 75 189
14 3 10.0 29 118
14 13 10.0 70 182
14 15 10.0 44 102
14 25 10.0 107 181
15 4 10.0 34 189
15 14 10.0 78 136
15 16 10.0 36 167
15 26 10.0 27 130
16 5 10.0 42 150
16 15 10.0 44 104
16 17 10.0 46 104
16 27 10.0 38 174
17 6 10.0 47 171
17 16 10.0 88 194
17 18 10.0 18 105
17 28 10.0 67 191
18 7 10.0 47 181
18 17 10.0 70 127
18 19 10.0 19 121
18 29 10.0 41 153
19 8 10.0 11 116
19 18 10.0 73 139
19 20 10.0 25 146
19 30 10.0 28 167
20 9 10.0 35 137
20 19 10.0 63 100
20 21 10.0 11 104
20 31 10.0 8 139
21 10 10.0 1 164
21 20 10.0 29 179
21 22 10.0 38 177
21 32 10.0 18 180
22 11 10.0 51 102
22 21 10.0 10 109
22 33 10.0 22 102
23 12 10.0 10 122
23 24 10.0 50 184
23 34 10.0 52 128
24 13 10.0 33 168
24 23 10.0 51 172
24 25 10.0 78 111
24 35 10.0 29 147
25 14 10.0 51 150
25 24 10.0 56 180
25 26 10.0 79 127
25 36 10.0 54 165
26 15 10.0 48 188
26 25 10.0 43 137
26 27 10.0 73 169
26 37 10.0 24 172
27 16 10.0 32 108
27 26 10.0 33 175
27 28 10.0 81 173
27 38 10.0 59 126
28 17 10.0 58 185
28 27 10.0 66 131
28 29 10.0 97 176
28 39 10.0 28 192
29 18 10.0 27 104
29 28 10.0 16 111
29 30 10.0 87 133
29 40 10.0 23 121
30 19 10.0 21 121
30 29 10.0 8 183
30 31 10.0 42 184
30 41 10.0 81 186
31 20 10.0 26 173
31 30 10.0 24 126
31 32 10.0 39 130
31 42 10.0 31 109
32 21 10.0 38 113
32 31 10.0 10 187
32 33 10.0 56 119
32 43 10.0 42 122
33 22 10.0 79 157
33 32 10.0 43 114
33 44 10.0 61 158
34 23 10.0 24 187
34 35 10.0 12 116
34 45 10.0 78 115
35 24 10.0 10 149
35 34 10.0 39 146
35 36 10.0 48 103
35 46 10.0 63 182
36 25 10.0 13 115
36 35 10.0 66 135
36 37 10.0 32 154
36 47 10.0 41 142
37 26 10.0 52 188
37 36 10.0 11 136
37 38 10.0 16 189
37 48 10.0 73 132
38 27 10.0 26 181
38 37 10.0 79 132
38 39 10.0 79 184
38 49 10.0 28 180
39 28 10.0 84 151
39 38 10.0 53 102
39 40 10.0 43 119
39 50 10.0 10 152
40 29 10.0 57 161
40 39 10.0 38 109
40 41 10.0 58 157
40 51 10.0 39 166
41 30 10.0 14 124
41 40 10.0 33 200
41 42 10.0 78 139
41 52 10.0 55 162
42 31 10.0 62 188
42 41 10.0 10 138
42 43 10.0 69 109
42 53 10.0 41 151
43 32 10.0 43 140
43 42 10.0 10 134
43 44 10.0 64 134
43 54 10.0 53 120
44 33 10.0 57 198
44 43 10.0 19 123
44 55 10.0 71 104
45 34 10.0 24 142
45 46 10.0 29 149
45 56 10.0 107 161
46 35 10.0 53 152
46 45 10.0 79 140
46 47 10.0 33 195
46 57 10.0 35 137
47 36 10.0 39 187
47 46 10.0 64 158
47 48 10.0 15 198
47 58 10.0 68 170
48 37 10.0 18 109
48 47 10.0 39 140
48 49 10.0 81 153
48 59 10.0 69 154
49 38 10.0 86 172
49 48 10.0 53 147
49 50 10.0 77 111
49 60 10.0 39 133
50 39 10.0 43 115
50 49 10.0 27 126
50 51 10.0 61 167
50 61 10.0 68 164
51 40 10.0 94 143
51 50 10.0 74 151
51 52 10.0 57 181
51 62 10.0 43 110
52 41 10.0 29 113
52 51 10.0 104 174
52 53 10.0 88 104
52 63 10.0 55 184
53 42 10.0 62 108
53 52 10.0 47 181
53 54 10.0 61 135
53 64 10.0 48 114
54 43 10.0 40 175
54 53 10.0 29 153
54 55 10.0 90 136
54 65 10.0 119 182
55 44 10.0 21 144
55 54 10.0 50 114
55 66 10.0 106 135
56 45 10.0 51 127
56 57 10.0 59 191
56 67 10.0 86 123
57 46 10.0 44 147
57 56 10.0 21 159
57 58 10.0 91 187
57 68 10.0 58 172
58 47 10.0 72 134
58 57 10.0 51 177
58 59 10.0 31 189
58 69 10.0 61 100
59 48 10.0 64 108
59 58 10.0 15 128
59 60 10.0 49 185
59 70 10.0 67 108
60 49 10.0 123 179
60 59 10.0 57 152
60 61 10.0 61 104
60 71 10.0 11 198
61 50 10.0 33 109
61 60 10.0 100 105
61 62 10.0 84 105
61 72 10.0 20 191
62 51 10.0 65 195
62 61 10.0 46 155
62 63 10.0 65 119
62 73 10.0 43 151
63 52 10.0 51 176
63 62 10.0 61 111
63 64 10.0 95 115
63 74 10.0 87 135
64 53 10.0 65 109
64 63 10.0 94 168
64 65 10.0 38 161
64 75 10.0 74 113
65 54 10.0 66 198
65 64 10.0 89 169
65 66 10.0 29 193
65 76 10.0 67 122
66 55 10.0 15 180
66 65 10.0 51 102
66 77 10.0 113 116
67 56 10.0 27 108
67 68 10.0 57 191
67 78 10.0 54 118
68 57 10.0 67 108
68 67 10.0 26 180
68 69 10.0 87 168
68 79 10.0 28 112
69 58 10.0 44 120
69 68 10.0 50 170
69 70 10.0 47 194
69 80 10.0 116 125
70 59 10.0 40 115
70 69 10.0 70 197
70 71 10.0 67 104
70 81 10.0 28 169
71 60 10.0 59 155
71 70 10.0 34 142
71 72 10.0 37 120
71 82 10.0 52 185
72 61 10.0 64 111
72 71 10.0 44 196
72 73 10.0 51 183
72 83 10.0 39 121
73 62 10.0 33 141
73 72 10.0 124 146
73 74 10.0 68 181
73 84 10.0 36 189
74 63 10.0 76 169
74 73 10.0 80 153
74 75 10.0 47 134
74 85 10.0 85 162
75 64 10.0 41 114
75 74 10.0 108 174
75 76 10.0 50 134
75 86 10.0 50 195
76 65 10.0 41 194
76 75 10.0 72 199
76 77 10.0 20 126
76 87 10.0 82 156
77 66 10.0 46 154
77 76 10.0 71 115
77 88 10.0 68 156
78 67 10.0 27 170
78 79 10.0 73 179
78 89 10.0 40 169
79 68 10.0 44 145
79 78 10.0 39 130
79 80 10.0 25 127
79 90 10.0 55 186
80 69 10.0 36 144
80 79 10.0 52 136
80 81 10.0 60 167
80 91 10.0 80 127
81 70 10.0 56 144
81 80 10.0 69 131
81 82 10.0 49 184
81 92 10.0 27 177
82 71 10.0 59 128
82 81 10.0 45 196
82 83 10.0 24 134
82 93 10.0 42 199
83 72 10.0 14 167
83 82 10.0 44 129
83 84 10.0 82 179
83 94 10.0 41 200
84 73 10.0 86 155
84 83 10.0 42 113
84 85 10.0 40 138
84 95 10.0 26 199
85 74 10.0 32 181
85 84 10.0 36 131
85 86 10.0 63 139
85 96 10.0 76 172
86 75 10.0 52 111
86 85 10.0 21 101
86 87 10.0 57 104
86 97 10.0 64 178
87 76 10.0 29 171
87 86 10.0 33 195
87 88 10.0 74 161
87 98 10.0 52 167
88 77 10.0 94 148
88 87 10.0 79 142
88 99 10.0 55 111
89 78 10.0 47 189
89 90 10.0 23 159
89 100 10.0 26 118
90 79 10.0 10 170
90 89 10.0 33 165
90 91 10.0 60 135
90 101 10.0 50 110
91 80 10.0 17 129
91 90 10.0 61 156
91 92 10.0 67 194
91 102 10.0 56 192
92 81 10.0 71 119
92 91 10.0 23 125
92 93 10.0 39 177
92 103 10.0 13 164
93 82 10.0 24 134
93 92 10.0 62 102
93 94 10.0 74 166
93 104 10.0 37 165
94 83 10.0 75 138
94 93 10.0 52 156
94 95 10.0 39 153
94 105 10.0 52 185
95 84 10.0 41 139
95 94 10.0 75 150
95 96 10.0 87 145
95 106 10.0 15 134
96 85 10.0 63 155
96 95 10.0 20 163
96 97 10.0 81 115
96 107 10.0 77 180
97 86 10.0 49 117
97 96 10.0 23 176
97 98 10.0 106 194
97 108 10.0 37 157
98 87 10.0 25 162
98 97 10.0 40 153
98 99 10.0 73 155
98 109 10.0 48 149
99 88 10.0 81 192
99 98 10.0 46 191
99 110 10.0 36 156
100 89 10.0 22 122
100 101 10.0 9 188
100 111 10.0 28 141
101 90 10.0 11 158
101 100 10.0 11 196
101 102 10.0 34 151
101 112 10.0 32 151
102 91 10.0 42 137
102 101 10.0 11 142
102 103 10.0 72 147
102 113 10.0 18 124
103 92 10.0 39 170
103 102 10.0 44 160
103 104 10.0 59 118
103 114 10.0 15 152
104 93 10.0 67 152
104 103 10.0 33 194
104 105 10.0 52 168
104 115 10.0 45 120
105 94 10.0 27 166
105 104 10.0 40 161
105 106 10.0 60 188
105 116 10.0 73 187
106 95 10.0 129 143
106 105 10.0 52 169
106 107 10.0 56 148
106 117 10.0 13 143
107 96 10.0 56 100
107 106 10.0 56 133
107 108 10.0 36 172
107 118 10.0 42 113
108 97 10.0 27 161
108 107 10.0 44 174
108 109 10.0 71 192
108 119 10.0 10 118
109 98 10.0 41 129
109 108 10.0 52 112
109 110 10.0 58 190
109 120 10.0 41 163
110 99 10.0 81 168
110 109 10.0 47 138
110 121 10.0 22 175
111 100 10.0 22 130
111 112 10.0 29 100
112 101 10.0 20 125
112 111 10.0 23 106
112 113 10.0 30 136
113 102 10.0 9 157
113 112 10.0 11 199
113 114 10.0 38 166
114 103 10.0 38 138
114 113 10.0 11 153
114 115 10.0 34 173
115 104 10.0 59 196
115 114 10.0 29 190
115 116 10.0 49 142
116 105 10.0 43 185
116 115 10.0 60 106
116 117 10.0 63 154
117 106 10.0 119 150
117 116 10.0 44 165
117 118 10.0 44 166
118 107 10.0 13 137
118 117 10.0 87 113
118 119 10.0 50 197
119 108 10.0 27 181
119 118 10.0 63 141
119 120 10.0 33 192
120 109 10.0 24 168
120 119 10.0 66 105
120 121 10.0 26 114
121 110 10.0 60 163
121 120 10.0 40 106
54 92 49
33 99 47
5 87 53
121 29 50
52 16 62
50 22 60
117 45 46
1 50 56
56 77 41
2 98 55
