1000 121 440
1 0 10000
1 10 10
2 10 20
3 10 30
4 10 40
5 10 50
6 10 60
7 10 70
8 10 80
9 10 90
10 10 100
11 10 110
12 20 10
13 20 20
14 20 30
15 20 40
16 20 50
17 20 60
18 20 70
19 20 80
20 20 90
21 20 100
22 20 110
23 30 10
24 30 20
25 30 30
26 30 40
27 30 50
28 30 60
29 30 70
30 30 80
31 30 90
32 30 100
33 30 110
34 40 10
35 40 20
36 40 30
37 40 40
38 40 50
39 40 60
40 40 70
41 40 80
42 40 90
43 40 100
44 40 110
45 50 10
46 50 20
47 50 30
48 50 40
49 50 50
50 50 60
51 50 70
52 50 80
53 50 90
54 50 100
55 50 110
56 60 10
57 60 20
58 60 30
59 60 40
60 60 50
61 60 60
62 60 70
63 60 80
64 60 90
65 60 100
66 60 110
67 70 10
68 70 20
69 70 30
70 70 40
71 70 50
72 70 60
73 70 70
74 70 80
75 70 90
76 70 100
77 70 110
78 80 10
79 80 20
80 80 30
81 80 40
82 80 50
83 80 60
84 80 70
85 80 80
86 80 90
87 80 100
88 80 110
89 90 10
90 90 20
91 90 30
92 90 40
93 90 50
94 90 60
95 90 70
96 90 80
97 90 90
98 90 100
99 90 110
100 100 10
101 100 20
102 100 30
103 100 40
104 100 50
105 100 60
106 100 70
107 100 80
108 100 90
109 100 100
110 100 110
111 110 10
112 110 20
113 110 30
114 110 40
115 110 50
116 110 60
117 110 70
118 110 80
119 110 90
120 110 100
121 110 110
1 2 10.0 3254 172
1 12 10.0 3116 162
2 1 10.0 3111 161
2 3 10.0 4174 184
2 13 10.0 2679 102
3 2 10.0 3589 194
3 4 10.0 4476 141
3 14 10.0 3861 145
4 3 10.0 4363 178
4 5 10.0 4764 167
4 15 10.0 3687 115
5 4 10.0 4676 138
5 6 10.0 4811 191
5 16 10.0 4295 163
6 5 10.0 5092 200
6 7 10.0 5072 149
6 17 10.0 4196 104
7 6 10.0 5222 162
7 8 10.0 5038 144
7 18 10.0 4072 133
8 7 10.0 4709 105
8 9 10.0 4212 129
8 19 10.0 4115 180
9 8 10.0 4726 137
9 10 10.0 3408 132
9 20 10.0 3627 116
10 9 10.0 4384 142
10 11 10.0 2900 113
10 21 10.0 2582 196
11 10 10.0 3252 105
11 22 10.0 3015 200
12 1 10.0 3218 166
12 13 10.0 2523 125
12 23 10.0 4132 105
13 2 10.0 2751 115
13 12 10.0 2939 156
13 14 10.0 3155 120
13 24 10.0 3266 108
14 3 10.0 3417 127
14 13 10.0 3467 187
14 15 10.0 3676 159
14 25 10.0 3695 193
15 4 10.0 3687 132
15 14 10.0 3607 127
15 16 10.0 4139 114
15 26 10.0 3876 166
16 5 10.0 3978 162
16 15 10.0 3874 179
16 17 10.0 3960 154
16 27 10.0 4487 123
17 6 10.0 4299 200
17 16 10.0 4201 188
17 18 10.0 4232 137
17 28 10.0 4184 185
18 7 10.0 4120 138
18 17 10.0 4194 142
18 19 10.0 3774 173
18 29 10.0 4386 131
19 8 10.0 3960 125
19 18 10.0 3804 166
19 20 10.0 3707 196
19 30 10.0 4097 199
20 9 10.0 3343 120
20 19 10.0 3737 163
20 21 10.0 3526 160
20 31 10.0 3798 200
21 10 10.0 3282 129
21 20 10.0 3429 112
21 22 10.0 3039 187
21 32 10.0 2922 185
22 11 10.0 3174 195
22 21 10.0 3079 113
22 33 10.0 3849 152
23 12 10.0 3357 132
23 24 10.0 3750 149
23 34 10.0 4663 164
24 13 10.0 3534 101
24 23 10.0 3471 173
24 25 10.0 3933 168
24 35 10.0 3460 188
25 14 10.0 3867 140
25 24 10.0 3625 151
25 26 10.0 4154 136
25 36 10.0 3953 165
26 15 10.0 4058 141
26 25 10.0 3884 164
26 27 10.0 4492 190
26 37 10.0 4217 143
27 16 10.0 3891 173
27 26 10.0 4317 106
27 28 10.0 4397 163
27 38 10.0 4743 152
28 17 10.0 4533 128
28 27 10.0 4303 101
28 29 10.0 4506 158
28 39 10.0 4580 168
29 18 10.0 4358 132
29 28 10.0 4119 184
29 30 10.0 4937 171
29 40 10.0 4239 183
30 19 10.0 4005 117
30 29 10.0 4039 175
30 31 10.0 4477 104
30 41 10.0 4833 111
31 20 10.0 3879 120
31 30 10.0 3958 131
31 32 10.0 4192 123
31 42 10.0 3896 184
32 21 10.0 3461 148
32 31 10.0 3407 141
32 33 10.0 3914 192
32 43 10.0 3693 152
33 22 10.0 4329 191
33 32 10.0 3193 159
33 44 10.0 4268 151
34 23 10.0 4259 140
34 35 10.0 3769 105
34 45 10.0 4716 189
35 24 10.0 3988 135
35 34 10.0 3654 104
35 36 10.0 3824 138
35 46 10.0 4244 117
36 25 10.0 4082 128
36 35 10.0 4191 134
36 37 10.0 3993 178
36 47 10.0 4510 119
37 26 10.0 4178 103
37 36 10.0 4223 123
37 38 10.0 4514 148
37 48 10.0 4395 113
38 27 10.0 4390 138
38 37 10.0 4460 173
38 39 10.0 4474 183
38 49 10.0 4755 133
39 28 10.0 4645 157
39 38 10.0 4890 100
39 40 10.0 4620 105
39 50 10.0 4394 176
40 29 10.0 4849 116
40 39 10.0 4750 187
40 41 10.0 4251 182
40 51 10.0 4666 176
41 30 10.0 4155 198
41 40 10.0 4468 116
41 42 10.0 4531 117
41 52 10.0 4226 115
42 31 10.0 4368 135
42 41 10.0 4042 112
42 43 10.0 4040 107
42 53 10.0 4191 168
43 32 10.0 4219 116
43 42 10.0 3852 135
43 44 10.0 3835 128
43 54 10.0 3407 169
44 33 10.0 4297 151
44 43 10.0 3769 134
44 55 10.0 4864 129
45 34 10.0 4931 149
45 46 10.0 4145 176
45 56 10.0 4847 103
46 35 10.0 4250 158
46 45 10.0 4146 135
46 47 10.0 3697 136
46 57 10.0 4699 136
47 36 10.0 4559 142
47 46 10.0 4293 124
47 48 10.0 4022 124
47 58 10.0 4521 127
48 37 10.0 4357 114
48 47 10.0 4736 157
48 49 10.0 4570 149
48 59 10.0 4482 117
49 38 10.0 4537 118
49 48 10.0 4588 163
49 50 10.0 5072 177
49 60 10.0 5074 190
50 39 10.0 4848 122
50 49 10.0 4621 179
50 51 10.0 4937 184
50 61 10.0 4588 156
51 40 10.0 5348 161
51 50 10.0 4471 127
51 52 10.0 4901 159
51 62 10.0 4531 147
52 41 10.0 4587 159
52 51 10.0 4417 152
52 53 10.0 4466 100
52 63 10.0 4532 144
53 42 10.0 4301 130
53 52 10.0 4449 117
53 54 10.0 4179 125
53 64 10.0 4220 183
54 43 10.0 4456 104
54 53 10.0 4202 164
54 55 10.0 4033 112
54 65 10.0 4199 124
55 44 10.0 4850 131
55 54 10.0 4640 157
55 66 10.0 4811 197
56 45 10.0 4901 148
56 57 10.0 4059 120
56 67 10.0 4755 105
57 46 10.0 4057 176
57 56 10.0 3960 156
57 58 10.0 4411 196
57 68 10.0 4361 190
58 47 10.0 4210 137
58 57 10.0 4179 171
58 59 10.0 4600 106
58 69 10.0 4549 143
59 48 10.0 4856 173
59 58 10.0 4109 184
59 60 10.0 4757 104
59 70 10.0 4300 108
60 49 10.0 4802 162
60 59 10.0 4578 166
60 61 10.0 4909 160
60 71 10.0 4620 120
61 50 10.0 4976 131
61 60 10.0 4963 195
61 62 10.0 5222 104
61 72 10.0 4545 185
62 51 10.0 5135 168
62 61 10.0 4959 137
62 63 10.0 4824 190
62 73 10.0 4408 156
63 52 10.0 4497 155
63 62 10.0 4841 189
63 64 10.0 4756 144
63 74 10.0 4374 136
64 53 10.0 4487 166
64 63 10.0 4434 186
64 65 10.0 4324 165
64 75 10.0 4529 160
65 54 10.0 4457 136
65 64 10.0 4324 164
65 66 10.0 4097 144
65 76 10.0 4469 194
66 55 10.0 4908 168
66 65 10.0 4097 148
66 77 10.0 4552 146
67 56 10.0 4837 119
67 68 10.0 4104 110
67 78 10.0 4905 195
68 57 10.0 3893 112
68 67 10.0 3819 176
68 69 10.0 4048 143
68 79 10.0 4104 107
69 58 10.0 4438 163
69 68 10.0 4300 113
69 70 10.0 4496 141
69 80 10.0 4173 167
70 59 10.0 4485 149
70 69 10.0 4561 148
70 71 10.0 4765 126
70 81 10.0 4213 185
71 60 10.0 4439 119
71 70 10.0 4934 178
71 72 10.0 5051 119
71 82 10.0 4561 168
72 61 10.0 4978 166
72 71 10.0 4558 145
72 73 10.0 4933 175
72 83 10.0 4598 199
73 62 10.0 4717 196
73 72 10.0 5000 123
73 74 10.0 4790 198
73 84 10.0 4510 120
74 63 10.0 4775 197
74 73 10.0 4818 125
74 75 10.0 4191 130
74 85 10.0 4154 178
75 64 10.0 4353 193
75 74 10.0 4429 121
75 76 10.0 4299 189
75 86 10.0 4085 103
76 65 10.0 4180 159
76 75 10.0 4309 187
76 77 10.0 4061 108
76 87 10.0 4117 190
77 66 10.0 4584 168
77 76 10.0 3876 123
77 88 10.0 4708 106
78 67 10.0 4755 132
78 79 10.0 3923 125
78 89 10.0 4109 125
79 68 10.0 3529 113
79 78 10.0 3634 163
79 80 10.0 4369 132
79 90 10.0 3698 163
80 69 10.0 4392 111
80 79 10.0 3826 143
80 81 10.0 4166 169
80 91 10.0 4209 180
81 70 10.0 4246 132
81 80 10.0 4253 162
81 82 10.0 4305 123
81 92 10.0 4251 110
82 71 10.0 4904 155
82 81 10.0 4572 121
82 83 10.0 4767 164
82 93 10.0 4429 102
83 72 10.0 4643 122
83 82 10.0 4663 124
83 84 10.0 4611 107
83 94 10.0 4618 105
84 73 10.0 5164 103
84 83 10.0 4809 166
84 85 10.0 4132 106
84 95 10.0 4663 199
85 74 10.0 4285 185
85 84 10.0 4714 168
85 86 10.0 4002 125
85 96 10.0 4224 186
86 75 10.0 4119 165
86 85 10.0 4384 165
86 87 10.0 3822 171
86 97 10.0 4165 111
87 76 10.0 4048 183
87 86 10.0 4477 135
87 88 10.0 3568 162
87 98 10.0 3751 158
88 77 10.0 4768 187
88 87 10.0 3965 137
88 99 10.0 4241 113
89 78 10.0 4659 170
89 90 10.0 3196 115
89 100 10.0 3763 173
90 79 10.0 3327 158
90 89 10.0 3726 116
90 91 10.0 3608 168
90 101 10.0 3045 120
91 80 10.0 3887 127
91 90 10.0 3480 140
91 92 10.0 3624 169
91 102 10.0 4127 197
92 81 10.0 4251 127
92 91 10.0 4202 128
92 93 10.0 4061 196
92 103 10.0 3424 187
93 82 10.0 4597 132
93 92 10.0 4263 136
93 94 10.0 4107 105
93 104 10.0 3663 188
94 83 10.0 4513 166
94 93 10.0 4303 178
94 95 10.0 4391 168
94 105 10.0 4215 135
95 84 10.0 4351 200
95 94 10.0 4381 181
95 96 10.0 4213 122
95 106 10.0 4279 105
96 85 10.0 4159 174
96 95 10.0 4040 182
96 97 10.0 3847 109
96 107 10.0 4186 179
97 86 10.0 3972 181
97 96 10.0 3932 197
97 98 10.0 3905 172
97 108 10.0 3422 100
98 87 10.0 3291 147
98 97 10.0 3382 154
98 99 10.0 3748 167
98 109 10.0 3586 175
99 88 10.0 4680 177
99 98 10.0 3411 108
99 110 10.0 3690 165
100 89 10.0 4139 188
100 101 10.0 2737 134
100 111 10.0 2961 112
101 90 10.0 3250 154
101 100 10.0 3087 165
101 102 10.0 2547 174
101 112 10.0 2760 145
102 91 10.0 3244 178
102 101 10.0 3487 144
102 103 10.0 3585 136
102 113 10.0 3435 167
103 92 10.0 3925 134
103 102 10.0 3419 126
103 104 10.0 3821 116
103 114 10.0 3341 102
104 93 10.0 3795 138
104 103 10.0 3981 191
104 105 10.0 3773 138
104 115 10.0 4050 105
105 94 10.0 4359 139
105 104 10.0 4085 112
105 106 10.0 4012 158
105 116 10.0 3942 134
106 95 10.0 4604 106
106 105 10.0 3867 117
106 107 10.0 4078 105
106 117 10.0 4083 122
107 96 10.0 3851 128
107 106 10.0 4036 153
107 108 10.0 3627 151
107 118 10.0 3931 173
108 97 10.0 4167 177
108 107 10.0 3439 157
108 109 10.0 3267 152
108 119 10.0 3341 117
109 98 10.0 3117 102
109 108 10.0 3162 118
109 110 10.0 3115 160
109 120 10.0 2931 184
110 99 10.0 4005 148
110 109 10.0 2709 175
110 121 10.0 2880 150
111 100 10.0 3082 150
111 112 10.0 2770 134
112 101 10.0 2809 122
112 111 10.0 3192 118
112 113 10.0 3715 108
113 102 10.0 3352 134
113 112 10.0 3926 165
113 114 10.0 4240 132
114 103 10.0 3881 140
114 113 10.0 4297 191
114 115 10.0 4421 169
115 104 10.0 3633 102
115 114 10.0 4894 192
115 116 10.0 4871 144
116 105 10.0 4204 167
116 115 10.0 4827 158
116 117 10.0 4503 185
117 106 10.0 4436 136
117 116 10.0 5093 199
117 118 10.0 4216 155
118 107 10.0 4027 160
118 117 10.0 5037 177
118 119 10.0 4437 120
119 108 10.0 3345 193
119 118 10.0 4956 146
119 120 10.0 3856 180
120 109 10.0 2748 160
120 119 10.0 4035 136
120 121 10.0 2705 104
121 110 10.0 2833 139
121 120 10.0 2936 190
104 66 45
28 93 54
16 99 48
115 21 52
31 14 54
73 85 44
40 28 63
31 16 57
87 64 50
29 16 54
20 26 51
65 113 47
28 88 55
96 49 59
3 33 49
19 115 55
55 9 31
68 85 51
78 53 49
103 119 45
11 68 41
14 79 53
84 35 46
116 38 50
97 86 44
82 43 44
76 110 49
77 69 40
113 20 48
34 57 54
59 55 47
39 111 50
117 96 46
79 11 51
103 94 52
57 39 48
32 100 53
94 110 62
121 71 48
96 6 62
82 33 51
46 94 51
69 14 48
32 105 56
115 72 48
73 34 57
112 72 58
1 102 62
119 14 49
26 33 42
120 23 51
70 97 46
34 80 38
50 80 58
117 108 52
86 72 56
112 78 52
40 69 59
94 91 40
6 60 55
39 8 54
11 115 62
57 104 41
114 43 64
54 77 47
60 46 52
104 7 54
73 57 46
2 18 49
12 6 52
58 32 45
70 63 38
81 18 61
104 60 37
13 56 42
88 121 59
96 62 43
46 42 52
57 87 63
17 20 48
7 21 45
49 103 41
88 37 43
89 81 42
72 87 50
40 4 53
33 90 52
98 23 45
83 8 42
81 118 44
19 21 55
103 107 44
57 6 60
18 69 44
1 50 56
74 39 53
92 113 45
32 14 40
31 21 56
19 85 39
110 47 56
86 51 57
50 12 45
86 80 48
116 97 57
102 82 49
105 39 36
110 10 47
99 95 50
65 66 41
42 31 49
45 34 52
59 91 45
4 10 44
56 77 41
108 20 41
82 100 46
20 96 49
28 64 62
95 90 57
27 81 59
113 98 55
42 99 60
36 34 51
90 38 49
108 27 53
80 113 47
34 18 47
50 18 55
25 50 30
23 71 50
6 43 54
85 117 44
97 52 48
4 114 57
114 15 48
63 36 48
33 51 39
76 95 51
65 19 55
11 114 55
22 116 64
62 28 42
85 69 47
35 86 57
46 101 44
65 99 40
49 84 63
53 24 39
71 23 42
77 75 41
13 33 60
13 104 56
93 97 52
61 110 48
100 61 49
87 28 57
94 56 44
22 32 42
26 74 45
113 103 54
110 72 39
110 34 45
99 39 46
101 57 47
78 68 53
80 30 43
109 106 46
91 53 59
71 14 59
52 42 47
34 3 53
72 23 47
65 60 43
71 16 53
23 37 43
102 9 52
78 74 42
36 26 52
4 78 57
52 76 38
119 34 41
66 24 31
79 83 54
54 70 60
28 77 52
19 26 45
4 57 39
105 54 49
41 88 59
76 45 46
47 96 49
67 28 47
77 7 46
67 65 64
85 30 49
42 45 51
83 13 44
103 95 48
23 35 67
58 69 63
98 85 51
21 27 45
48 89 35
13 58 44
68 92 50
61 66 49
2 98 55
49 38 45
114 14 47
49 119 56
118 75 59
87 11 57
40 83 48
49 70 51
24 78 53
66 28 55
115 20 54
4 80 58
118 44 44
35 10 50
30 26 48
55 24 49
87 113 55
114 115 62
118 19 51
44 61 57
11 80 40
54 22 49
54 42 48
37 98 49
9 48 62
96 85 48
37 46 47
12 47 46
33 35 57
100 96 48
87 4 62
23 27 59
81 89 58
100 81 46
35 85 40
56 55 55
35 102 37
2 116 47
56 69 57
18 83 55
87 22 62
96 52 42
27 17 43
113 109 53
98 78 49
6 41 50
45 92 52
105 86 41
2 103 40
53 4 42
111 70 49
37 89 57
121 89 49
18 95 59
81 77 66
66 55 41
61 67 45
5 3 42
87 110 55
26 102 49
85 29 57
18 56 56
34 46 37
88 32 46
3 34 47
56 42 63
87 97 59
49 107 37
110 37 52
102 98 56
85 19 47
22 38 49
10 31 39
104 16 58
53 30 52
6 112 43
113 117 59
77 33 53
30 93 46
72 114 43
52 99 55
64 24 53
7 3 54
40 39 47
87 91 53
119 121 53
79 104 43
87 63 48
52 8 51
49 91 39
72 106 53
69 37 54
19 96 47
55 70 42
46 49 52
54 101 48
114 102 49
31 3 58
97 92 48
55 69 47
29 3 54
117 55 53
60 107 58
107 4 48
48 65 54
29 20 42
106 79 39
52 95 55
102 89 47
26 50 51
69 88 45
111 30 49
102 116 51
46 87 59
63 41 51
84 38 50
75 110 53
116 6 50
54 29 50
47 79 50
66 30 46
49 101 52
47 116 51
35 51 48
118 43 42
91 74 47
14 83 49
78 72 55
47 17 47
21 103 47
93 5 51
46 6 60
65 100 54
18 43 43
30 20 53
36 40 52
87 111 56
15 10 49
55 42 48
59 15 58
76 74 48
75 91 45
14 67 47
117 42 48
121 120 56
94 41 43
115 17 48
82 51 53
23 89 52
119 3 45
73 59 41
74 52 45
60 66 64
89 70 52
115 59 53
87 19 42
86 17 48
66 63 45
26 51 47
104 10 47
64 117 48
51 43 52
37 28 42
103 100 45
96 12 40
10 53 49
52 45 52
6 114 56
53 44 62
33 48 44
56 111 45
117 107 42
35 61 42
82 71 57
41 32 48
67 111 59
104 85 55
100 59 59
68 77 57
93 6 42
60 31 50
81 117 45
43 102 43
67 31 60
108 119 41
50 84 48
8 47 49
17 22 45
70 115 49
99 47 53
98 92 53
49 25 52
114 80 51
77 41 45
84 107 45
83 10 39
105 34 35
51 1 65
43 106 50
20 55 47
1 59 52
48 42 38
59 23 52
31 98 46
34 109 64
88 119 40
47 120 62
18 15 48
88 70 47
15 78 48
96 88 58
89 30 37
55 101 52
62 53 55
53 36 54
61 58 53
52 87 52
13 34 46
104 34 59
35 118 43
93 100 59
48 107 44
74 51 49
83 52 53
71 37 49
86 120 55
74 80 57
2 22 44
52 6 49
84 66 36
22 19 49
105 51 51
79 112 49
29 116 52
2 76 54
17 63 53
7 32 56
87 45 50
66 95 65
121 4 46
82 118 44
96 3 50
100 120 57
11 98 51
70 10 49
90 58 61
15 80 53
108 110 47
37 22 44
86 65 50
31 32 51
2 110 46
34 11 49
18 68 55
83 72 37
87 43 49
99 50 47
93 23 46
108 97 41
8 78 50
105 71 57
74 82 48
97 17 44
49 5 49
84 44 46
40 73 63
47 38 50
102 11 41
63 90 52
82 96 46
37 110 72
60 45 39
62 1 51
53 43 48
113 60 57
11 116 51
70 52 40
84 99 42
51 68 65
4 59 57
117 95 48
18 16 47
11 17 47
67 39 53
51 23 44
117 60 53
50 22 60
118 115 62
95 24 41
116 47 54
15 61 57
51 74 53
21 4 44
63 57 59
104 82 44
121 91 54
90 41 54
71 108 48
84 7 36
74 18 50
24 89 44
90 23 47
68 119 45
25 84 51
28 36 53
86 94 60
104 61 56
68 11 56
105 37 48
54 58 52
24 17 46
66 5 46
99 26 52
15 37 50
1 117 47
100 94 55
53 6 42
81 29 59
65 34 36
87 58 50
6 37 62
52 14 53
47 30 59
17 60 58
66 49 53
44 28 56
1 119 43
52 16 62
85 86 70
29 28 47
2 19 57
102 97 60
13 18 51
21 97 51
117 45 46
42 51 57
10 86 44
5 119 53
48 36 47
121 29 50
66 1 46
119 24 54
94 51 53
55 43 59
39 93 61
104 88 62
5 94 40
97 65 54
5 113 44
60 15 54
36 38 55
108 95 48
7 38 49
55 49 38
58 41 54
3 79 58
67 62 42
108 36 54
60 54 29
104 9 39
58 74 57
79 57 52
73 63 45
51 10 45
112 63 37
34 111 50
14 115 46
88 7 55
47 101 45
104 96 46
54 14 48
13 20 55
13 81 46
68 91 42
56 105 45
6 2 42
90 47 49
28 13 60
83 118 57
109 28 40
72 98 60
37 36 48
59 51 53
12 116 53
66 54 44
79 51 67
89 43 57
118 90 50
36 22 50
62 115 50
30 38 58
84 87 57
24 65 54
26 79 50
108 53 56
34 83 55
92 34 47
44 4 38
45 110 56
76 18 47
80 52 60
29 4 46
36 76 33
41 66 43
41 101 50
18 72 42
113 58 52
17 33 65
26 59 50
77 71 30
89 104 60
112 111 52
1 63 61
57 116 66
17 13 53
94 37 47
71 77 51
113 62 40
48 104 43
83 81 46
57 17 34
70 18 55
118 57 57
27 39 48
61 78 48
17 1 48
119 69 46
111 23 42
108 5 40
45 91 49
47 8 43
44 30 63
45 63 36
2 43 45
109 38 51
72 103 42
85 52 55
55 100 47
84 15 49
1 66 44
38 88 50
29 110 50
115 99 41
112 99 41
80 78 49
65 93 54
38 118 54
101 30 42
31 107 46
115 83 54
107 41 43
31 97 37
100 31 44
36 63 38
112 8 59
108 33 60
105 98 55
2 49 46
5 101 56
86 83 58
67 73 55
28 100 56
66 86 54
47 36 50
20 33 45
2 13 53
69 22 49
97 110 44
44 91 54
70 9 62
119 42 42
115 25 48
42 81 46
20 13 56
52 50 44
3 109 53
34 53 46
85 72 62
83 40 51
55 23 44
79 37 39
17 62 61
107 16 53
121 49 60
118 71 58
41 25 51
35 65 43
54 114 59
121 104 56
106 53 47
55 74 55
17 54 41
62 114 41
13 46 49
102 53 47
117 74 46
21 53 62
28 68 54
81 6 46
23 36 41
118 82 41
119 110 40
100 95 40
54 106 57
38 2 54
77 35 48
28 23 54
33 99 47
15 89 48
8 64 43
91 40 54
117 86 47
100 56 41
119 97 61
6 89 54
49 102 58
79 92 53
65 27 55
36 44 64
37 6 51
108 58 61
56 10 45
45 83 54
64 100 43
51 71 33
13 79 53
104 79 46
49 106 46
25 19 43
28 14 55
65 108 50
15 32 49
50 33 57
32 76 57
30 101 44
15 77 50
5 95 59
94 40 53
77 20 43
84 16 43
111 47 43
54 34 56
7 83 53
36 8 46
86 45 57
27 100 42
28 73 53
7 8 64
83 48 54
67 85 52
81 100 49
93 18 54
39 59 53
59 27 48
116 27 52
119 101 55
47 33 50
36 7 56
23 39 51
35 113 62
97 31 51
32 97 34
62 57 51
82 38 44
26 117 51
12 55 48
12 69 55
25 60 45
37 100 59
19 67 46
40 3 61
110 19 45
41 43 49
22 47 57
109 66 56
109 101 47
73 49 46
108 68 48
105 24 55
31 25 36
112 33 57
102 6 52
17 115 54
53 72 52
26 11 46
100 5 48
37 105 33
18 92 51
82 113 39
24 66 44
80 93 41
69 44 48
57 119 55
118 9 55
110 8 55
105 84 48
16 109 47
63 89 64
48 73 48
112 87 39
80 88 51
98 63 45
33 39 63
57 94 51
86 1 41
37 68 46
118 20 51
121 68 38
18 96 49
30 95 58
24 29 46
52 18 44
113 85 35
113 102 38
82 42 51
65 98 47
18 20 45
49 51 43
11 8 43
45 39 56
72 113 52
120 31 51
95 53 48
43 24 49
111 72 51
56 57 46
117 21 46
20 16 69
9 86 58
96 97 68
39 24 57
108 112 42
120 19 46
94 89 46
93 2 51
61 81 50
80 9 57
45 43 50
76 59 51
55 52 50
3 91 61
119 95 59
1 13 50
57 22 55
109 8 38
82 30 42
87 71 58
95 39 44
3 63 51
62 61 46
107 34 49
13 65 71
1 87 59
57 76 51
26 110 43
98 111 47
98 29 46
50 68 45
113 90 43
79 98 49
26 107 51
101 45 44
49 82 54
38 77 50
5 87 53
118 40 64
98 31 30
44 5 62
110 53 49
74 69 58
36 49 46
80 108 36
18 40 48
72 30 47
49 61 51
71 91 55
65 32 48
10 3 49
15 70 50
47 23 44
56 82 55
53 12 56
7 1 47
96 29 52
29 104 51
29 33 46
85 2 63
87 37 40
50 112 45
112 68 51
49 18 42
43 119 43
58 35 51
54 92 49
6 113 56
112 74 43
116 32 56
101 87 37
118 46 55
16 30 63
22 26 51
55 80 52
87 35 56
45 54 48
71 111 55
85 40 54
82 31 50
110 1 45
99 117 63
93 48 37
3 67 57
96 67 51
18 48 51
11 104 56
86 16 40
5 105 39
41 86 59
58 81 56
4 87 50
37 114 50
104 22 45
31 58 61
7 54 44
119 13 57
65 84 56
54 2 42
78 29 43
75 37 53
111 37 46
100 14 53
39 22 30
87 20 54
37 106 43
49 96 52
29 62 41
82 8 51
118 17 62
44 54 61
72 31 41
41 73 61
12 67 53
61 89 54
59 24 48
25 105 49
87 2 44
67 92 47
29 100 53
91 70 58
81 34 53
63 11 48
18 32 62
43 110 40
78 83 39
33 14 48
21 10 53
111 92 50
61 103 57
43 107 53
71 56 46
36 23 63
26 36 41
81 57 49
11 15 56
42 11 43
11 58 62
84 12 52
30 100 59
9 57 48
95 74 57
114 83 39
78 25 45
107 118 38
31 68 52
19 41 46
59 65 58
114 8 44
32 87 51
69 62 50
21 85 53
43 91 49
74 111 54
107 92 59
119 54 41
31 74 43
106 52 51
6 101 41
105 111 46
84 121 54
12 53 53
107 9 58
14 46 52
28 37 39
35 39 63
