10 961 3720
1 0 10000
1 10 10
2 10 20
3 10 30
4 10 40
5 10 50
6 10 60
7 10 70
8 10 80
9 10 90
10 10 100
11 10 110
12 10 120
13 10 130
14 10 140
15 10 150
16 10 160
17 10 170
18 10 180
19 10 190
20 10 200
21 10 210
22 10 220
23 10 230
24 10 240
25 10 250
26 10 260
27 10 270
28 10 280
29 10 290
30 10 300
31 10 310
32 20 10
33 20 20
34 20 30
35 20 40
36 20 50
37 20 60
38 20 70
39 20 80
40 20 90
41 20 100
42 20 110
43 20 120
44 20 130
45 20 140
46 20 150
47 20 160
48 20 170
49 20 180
50 20 190
51 20 200
52 20 210
53 20 220
54 20 230
55 20 240
56 20 250
57 20 260
58 20 270
59 20 280
60 20 290
61 20 300
62 20 310
63 30 10
64 30 20
65 30 30
66 30 40
67 30 50
68 30 60
69 30 70
70 30 80
71 30 90
72 30 100
73 30 110
74 30 120
75 30 130
76 30 140
77 30 150
78 30 160
79 30 170
80 30 180
81 30 190
82 30 200
83 30 210
84 30 220
85 30 230
86 30 240
87 30 250
88 30 260
89 30 270
90 30 280
91 30 290
92 30 300
93 30 310
94 40 10
95 40 20
96 40 30
97 40 40
98 40 50
99 40 60
100 40 70
101 40 80
102 40 90
103 40 100
104 40 110
105 40 120
106 40 130
107 40 140
108 40 150
109 40 160
110 40 170
111 40 180
112 40 190
113 40 200
114 40 210
115 40 220
116 40 230
117 40 240
118 40 250
119 40 260
120 40 270
121 40 280
122 40 290
123 40 300
124 40 310
125 50 10
126 50 20
127 50 30
128 50 40
129 50 50
130 50 60
131 50 70
132 50 80
133 50 90
134 50 100
135 50 110
136 50 120
137 50 130
138 50 140
139 50 150
140 50 160
141 50 170
142 50 180
143 50 190
144 50 200
145 50 210
146 50 220
147 50 230
148 50 240
149 50 250
150 50 260
151 50 270
152 50 280
153 50 290
154 50 300
155 50 310
156 60 10
157 60 20
158 60 30
159 60 40
160 60 50
161 60 60
162 60 70
163 60 80
164 60 90
165 60 100
166 60 110
167 60 120
168 60 130
169 60 140
170 60 150
171 60 160
172 60 170
173 60 180
174 60 190
175 60 200
176 60 210
177 60 220
178 60 230
179 60 240
180 60 250
181 60 260
182 60 270
183 60 280
184 60 290
185 60 300
186 60 310
187 70 10
188 70 20
189 70 30
190 70 40
191 70 50
192 70 60
193 70 70
194 70 80
195 70 90
196 70 100
197 70 110
198 70 120
199 70 130
200 70 140
201 70 150
202 70 160
203 70 170
204 70 180
205 70 190
206 70 200
207 70 210
208 70 220
209 70 230
210 70 240
211 70 250
212 70 260
213 70 270
214 70 280
215 70 290
216 70 300
217 70 310
218 80 10
219 80 20
220 80 30
221 80 40
222 80 50
223 80 60
224 80 70
225 80 80
226 80 90
227 80 100
228 80 110
229 80 120
230 80 130
231 80 140
232 80 150
233 80 160
234 80 170
235 80 180
236 80 190
237 80 200
238 80 210
239 80 220
240 80 230
241 80 240
242 80 250
243 80 260
244 80 270
245 80 280
246 80 290
247 80 300
248 80 310
249 90 10
250 90 20
251 90 30
252 90 40
253 90 50
254 90 60
255 90 70
256 90 80
257 90 90
258 90 100
259 90 110
260 90 120
261 90 130
262 90 140
263 90 150
264 90 160
265 90 170
266 90 180
267 90 190
268 90 200
269 90 210
270 90 220
271 90 230
272 90 240
273 90 250
274 90 260
275 90 270
276 90 280
277 90 290
278 90 300
279 90 310
280 100 10
281 100 20
282 100 30
283 100 40
284 100 50
285 100 60
286 100 70
287 100 80
288 100 90
289 100 100
290 100 110
291 100 120
292 100 130
293 100 140
294 100 150
295 100 160
296 100 170
297 100 180
298 100 190
299 100 200
300 100 210
301 100 220
302 100 230
303 100 240
304 100 250
305 100 260
306 100 270
307 100 280
308 100 290
309 100 300
310 100 310
311 110 10
312 110 20
313 110 30
314 110 40
315 110 50
316 110 60
317 110 70
318 110 80
319 110 90
320 110 100
321 110 110
322 110 120
323 110 130
324 110 140
325 110 150
326 110 160
327 110 170
328 110 180
329 110 190
330 110 200
331 110 210
332 110 220
333 110 230
334 110 240
335 110 250
336 110 260
337 110 270
338 110 280
339 110 290
340 110 300
341 110 310
342 120 10
343 120 20
344 120 30
345 120 40
346 120 50
347 120 60
348 120 70
349 120 80
350 120 90
351 120 100
352 120 110
353 120 120
354 120 130
355 120 140
356 120 150
357 120 160
358 120 170
359 120 180
360 120 190
361 120 200
362 120 210
363 120 220
364 120 230
365 120 240
366 120 250
367 120 260
368 120 270
369 120 280
370 120 290
371 120 300
372 120 310
373 130 10
374 130 20
375 130 30
376 130 40
377 130 50
378 130 60
379 130 70
380 130 80
381 130 90
382 130 100
383 130 110
384 130 120
385 130 130
386 130 140
387 130 150
388 130 160
389 130 170
390 130 180
391 130 190
392 130 200
393 130 210
394 130 220
395 130 230
396 130 240
397 130 250
398 130 260
399 130 270
400 130 280
401 130 290
402 130 300
403 130 310
404 140 10
405 140 20
406 140 30
407 140 40
408 140 50
409 140 60
410 140 70
411 140 80
412 140 90
413 140 100
414 140 110
415 140 120
416 140 130
417 140 140
418 140 150
419 140 160
420 140 170
421 140 180
422 140 190
423 140 200
424 140 210
425 140 220
426 140 230
427 140 240
428 140 250
429 140 260
430 140 270
431 140 280
432 140 290
433 140 300
434 140 310
435 150 10
436 150 20
437 150 30
438 150 40
439 150 50
440 150 60
441 150 70
442 150 80
443 150 90
444 150 100
445 150 110
446 150 120
447 150 130
448 150 140
449 150 150
450 150 160
451 150 170
452 150 180
453 150 190
454 150 200
455 150 210
456 150 220
457 150 230
458 150 240
459 150 250
460 150 260
461 150 270
462 150 280
463 150 290
464 150 300
465 150 310
466 160 10
467 160 20
468 160 30
469 160 40
470 160 50
471 160 60
472 160 70
473 160 80
474 160 90
475 160 100
476 160 110
477 160 120
478 160 130
479 160 140
480 160 150
481 160 160
482 160 170
483 160 180
484 160 190
485 160 200
486 160 210
487 160 220
488 160 230
489 160 240
490 160 250
491 160 260
492 160 270
493 160 280
494 160 290
495 160 300
496 160 310
497 170 10
498 170 20
499 170 30
500 170 40
501 170 50
502 170 60
503 170 70
504 170 80
505 170 90
506 170 100
507 170 110
508 170 120
509 170 130
510 170 140
511 170 150
512 170 160
513 170 170
514 170 180
515 170 190
516 170 200
517 170 210
518 170 220
519 170 230
520 170 240
521 170 250
522 170 260
523 170 270
524 170 280
525 170 290
526 170 300
527 170 310
528 180 10
529 180 20
530 180 30
531 180 40
532 180 50
533 180 60
534 180 70
535 180 80
536 180 90
537 180 100
538 180 110
539 180 120
540 180 130
541 180 140
542 180 150
543 180 160
544 180 170
545 180 180
546 180 190
547 180 200
548 180 210
549 180 220
550 180 230
551 180 240
552 180 250
553 180 260
554 180 270
555 180 280
556 180 290
557 180 300
558 180 310
559 190 10
560 190 20
561 190 30
562 190 40
563 190 50
564 190 60
565 190 70
566 190 80
567 190 90
568 190 100
569 190 110
570 190 120
571 190 130
572 190 140
573 190 150
574 190 160
575 190 170
576 190 180
577 190 190
578 190 200
579 190 210
580 190 220
581 190 230
582 190 240
583 190 250
584 190 260
585 190 270
586 190 280
587 190 290
588 190 300
589 190 310
590 200 10
591 200 20
592 200 30
593 200 40
594 200 50
595 200 60
596 200 70
597 200 80
598 200 90
599 200 100
600 200 110
601 200 120
602 200 130
603 200 140
604 200 150
605 200 160
606 200 170
607 200 180
608 200 190
609 200 200
610 200 210
611 200 220
612 200 230
613 200 240
614 200 250
615 200 260
616 200 270
617 200 280
618 200 290
619 200 300
620 200 310
621 210 10
622 210 20
623 210 30
624 210 40
625 210 50
626 210 60
627 210 70
628 210 80
629 210 90
630 210 100
631 210 110
632 210 120
633 210 130
634 210 140
635 210 150
636 210 160
637 210 170
638 210 180
639 210 190
640 210 200
641 210 210
642 210 220
643 210 230
644 210 240
645 210 250
646 210 260
647 210 270
648 210 280
649 210 290
650 210 300
651 210 310
652 220 10
653 220 20
654 220 30
655 220 40
656 220 50
657 220 60
658 220 70
659 220 80
660 220 90
661 220 100
662 220 110
663 220 120
664 220 130
665 220 140
666 220 150
667 220 160
668 220 170
669 220 180
670 220 190
671 220 200
672 220 210
673 220 220
674 220 230
675 220 240
676 220 250
677 220 260
678 220 270
679 220 280
680 220 290
681 220 300
682 220 310
683 230 10
684 230 20
685 230 30
686 230 40
687 230 50
688 230 60
689 230 70
690 230 80
691 230 90
692 230 100
693 230 110
694 230 120
695 230 130
696 230 140
697 230 150
698 230 160
699 230 170
700 230 180
701 230 190
702 230 200
703 230 210
704 230 220
705 230 230
706 230 240
707 230 250
708 230 260
709 230 270
710 230 280
711 230 290
712 230 300
713 230 310
714 240 10
715 240 20
716 240 30
717 240 40
718 240 50
719 240 60
720 240 70
721 240 80
722 240 90
723 240 100
724 240 110
725 240 120
726 240 130
727 240 140
728 240 150
729 240 160
730 240 170
731 240 180
732 240 190
733 240 200
734 240 210
735 240 220
736 240 230
737 240 240
738 240 250
739 240 260
740 240 270
741 240 280
742 240 290
743 240 300
744 240 310
745 250 10
746 250 20
747 250 30
748 250 40
749 250 50
750 250 60
751 250 70
752 250 80
753 250 90
754 250 100
755 250 110
756 250 120
757 250 130
758 250 140
759 250 150
760 250 160
761 250 170
762 250 180
763 250 190
764 250 200
765 250 210
766 250 220
767 250 230
768 250 240
769 250 250
770 250 260
771 250 270
772 250 280
773 250 290
774 250 300
775 250 310
776 260 10
777 260 20
778 260 30
779 260 40
780 260 50
781 260 60
782 260 70
783 260 80
784 260 90
785 260 100
786 260 110
787 260 120
788 260 130
789 260 140
790 260 150
791 260 160
792 260 170
793 260 180
794 260 190
795 260 200
796 260 210
797 260 220
798 260 230
799 260 240
800 260 250
801 260 260
802 260 270
803 260 280
804 260 290
805 260 300
806 260 310
807 270 10
808 270 20
809 270 30
810 270 40
811 270 50
812 270 60
813 270 70
814 270 80
815 270 90
816 270 100
817 270 110
818 270 120
819 270 130
820 270 140
821 270 150
822 270 160
823 270 170
824 270 180
825 270 190
826 270 200
827 270 210
828 270 220
829 270 230
830 270 240
831 270 250
832 270 260
833 270 270
834 270 280
835 270 290
836 270 300
837 270 310
838 280 10
839 280 20
840 280 30
841 280 40
842 280 50
843 280 60
844 280 70
845 280 80
846 280 90
847 280 100
848 280 110
849 280 120
850 280 130
851 280 140
852 280 150
853 280 160
854 280 170
855 280 180
856 280 190
857 280 200
858 280 210
859 280 220
860 280 230
861 280 240
862 280 250
863 280 260
864 280 270
865 280 280
866 280 290
867 280 300
868 280 310
869 290 10
870 290 20
871 290 30
872 290 40
873 290 50
874 290 60
875 290 70
876 290 80
877 290 90
878 290 100
879 290 110
880 290 120
881 290 130
882 290 140
883 290 150
884 290 160
885 290 170
886 290 180
887 290 190
888 290 200
889 290 210
890 290 220
891 290 230
892 290 240
893 290 250
894 290 260
895 290 270
896 290 280
897 290 290
898 290 300
899 290 310
900 300 10
901 300 20
902 300 30
903 300 40
904 300 50
905 300 60
906 300 70
907 300 80
908 300 90
909 300 100
910 300 110
911 300 120
912 300 130
913 300 140
914 300 150
915 300 160
916 300 170
917 300 180
918 300 190
919 300 200
920 300 210
921 300 220
922 300 230
923 300 240
924 300 250
925 300 260
926 300 270
927 300 280
928 300 290
929 300 300
930 300 310
931 310 10
932 310 20
933 310 30
934 310 40
935 310 50
936 310 60
937 310 70
938 310 80
939 310 90
940 310 100
941 310 110
942 310 120
943 310 130
944 310 140
945 310 150
946 310 160
947 310 170
948 310 180
949 310 190
950 310 200
951 310 210
952 310 220
953 310 230
954 310 240
955 310 250
956 310 260
957 310 270
958 310 280
959 310 290
960 310 300
961 310 310
1 2 10.0 42 108
1 32 10.0 10 110
2 1 10.0 10 154
2 3 10.0 42 179
2 33 10.0 40 168
3 2 10.0 40 124
3 4 10.0 24 115
3 34 10.0 33 110
4 3 10.0 49 157
4 5 10.0 54 121
4 35 10.0 10 111
5 4 10.0 48 114
5 6 10.0 42 157
5 36 10.0 25 159
6 5 10.0 20 190
6 7 10.0 48 193
6 37 10.0 54 153
7 6 10.0 8 148
7 8 10.0 43 108
7 38 10.0 61 169
8 7 10.0 27 145
8 9 10.0 68 140
8 39 10.0 27 146
9 8 10.0 29 103
9 10 10.0 36 129
9 40 10.0 39 116
10 9 10.0 16 141
10 11 10.0 60 181
10 41 10.0 22 167
11 10 10.0 20 173
11 12 10.0 43 143
11 42 10.0 37 114
12 11 10.0 20 200
12 13 10.0 14 134
12 43 10.0 60 135
13 12 10.0 30 103
13 14 10.0 28 150
13 44 10.0 19 147
14 13 10.0 27 151
14 15 10.0 52 102
14 45 10.0 19 198
15 14 10.0 19 146
15 16 10.0 56 177
15 46 10.0 15 144
16 15 10.0 14 107
16 17 10.0 33 180
16 47 10.0 99 104
17 16 10.0 66 108
17 18 10.0 44 109
17 48 10.0 57 170
18 17 10.0 68 173
18 19 10.0 48 161
18 49 10.0 20 171
19 18 10.0 19 176
19 20 10.0 37 121
19 50 10.0 67 182
20 19 10.0 35 200
20 21 10.0 1 129
20 51 10.0 50 197
21 20 10.0 36 164
21 22 10.0 36 195
21 52 10.0 18 122
22 21 10.0 32 160
22 23 10.0 8 107
22 53 10.0 60 185
23 22 10.0 63 109
23 24 10.0 22 196
23 54 10.0 12 141
24 23 10.0 75 140
24 25 10.0 34 163
24 55 10.0 17 139
25 24 10.0 39 155
25 26 10.0 34 133
25 56 10.0 1 182
26 25 10.0 15 103
26 27 10.0 7 158
26 57 10.0 36 117
27 26 10.0 23 184
27 28 10.0 7 159
27 58 10.0 1 158
28 27 10.0 9 199
28 29 10.0 10 132
28 59 10.0 7 156
29 28 10.0 1 121
29 30 10.0 14 156
29 60 10.0 18 114
30 29 10.0 9 183
30 31 10.0 12 129
30 61 10.0 33 124
31 30 10.0 27 138
31 62 10.0 12 115
32 1 10.0 41 126
32 33 10.0 28 198
32 63 10.0 10 196
33 2 10.0 10 189
33 32 10.0 21 119
33 34 10.0 53 117
33 64 10.0 33 183
34 3 10.0 7 105
34 33 10.0 18 130
34 35 10.0 52 116
34 65 10.0 43 109
35 4 10.0 39 137
35 34 10.0 19 164
35 36 10.0 52 107
35 66 10.0 1 106
36 5 10.0 42 198
36 35 10.0 31 190
36 37 10.0 52 152
36 67 10.0 29 165
37 6 10.0 17 152
37 36 10.0 65 103
37 38 10.0 17 150
37 68 10.0 54 137
38 7 10.0 37 125
38 37 10.0 34 192
38 39 10.0 13 130
38 69 10.0 37 133
39 8 10.0 50 139
39 38 10.0 24 107
39 40 10.0 14 181
39 70 10.0 21 139
40 9 10.0 21 110
40 39 10.0 19 171
40 41 10.0 39 159
40 71 10.0 73 150
41 10 10.0 41 155
41 40 10.0 69 147
41 42 10.0 55 135
41 72 10.0 1 108
42 11 10.0 21 109
42 41 10.0 89 189
42 43 10.0 33 144
42 73 10.0 61 190
43 12 10.0 20 102
43 42 10.0 62 185
43 44 10.0 17 161
43 74 10.0 80 148
44 13 10.0 36 186
44 43 10.0 63 187
44 45 10.0 7 184
44 75 10.0 12 162
45 14 10.0 50 109
45 44 10.0 63 117
45 46 10.0 13 151
45 76 10.0 30 171
46 15 10.0 24 106
46 45 10.0 78 120
46 47 10.0 10 113
46 77 10.0 1 163
47 16 10.0 23 184
47 46 10.0 52 176
47 48 10.0 1 103
47 78 10.0 86 160
48 17 10.0 63 170
48 47 10.0 48 122
48 49 10.0 12 114
48 79 10.0 8 177
49 18 10.0 72 117
49 48 10.0 39 188
49 50 10.0 33 130
49 80 10.0 34 143
50 19 10.0 41 111
50 49 10.0 74 141
50 51 10.0 31 182
50 81 10.0 14 187
51 20 10.0 12 134
51 50 10.0 38 143
51 52 10.0 71 167
51 82 10.0 19 182
52 21 10.0 59 115
52 51 10.0 43 115
52 53 10.0 44 165
52 83 10.0 17 169
53 22 10.0 1 147
53 52 10.0 13 161
53 54 10.0 54 148
53 84 10.0 64 138
54 23 10.0 15 166
54 53 10.0 19 185
54 55 10.0 44 169
54 85 10.0 15 101
55 24 10.0 64 149
55 54 10.0 7 116
55 56 10.0 33 190
55 86 10.0 19 153
56 25 10.0 24 168
56 55 10.0 18 120
56 57 10.0 20 159
56 87 10.0 9 129
57 26 10.0 1 190
57 56 10.0 7 126
57 58 10.0 9 124
57 88 10.0 57 176
58 27 10.0 15 117
58 57 10.0 1 108
58 59 10.0 9 160
58 89 10.0 1 180
59 28 10.0 18 173
59 58 10.0 1 134
59 60 10.0 12 166
59 90 10.0 7 149
60 29 10.0 14 131
60 59 10.0 1 110
60 61 10.0 12 102
60 91 10.0 36 194
61 30 10.0 12 109
61 60 10.0 19 128
61 62 10.0 9 189
61 92 10.0 14 144
62 31 10.0 27 169
62 61 10.0 1 193
62 93 10.0 12 165
63 32 10.0 49 178
63 64 10.0 10 182
63 94 10.0 28 103
64 33 10.0 30 120
64 63 10.0 43 119
64 65 10.0 43 157
64 95 10.0 14 104
65 34 10.0 16 115
65 64 10.0 49 195
65 66 10.0 48 138
65 96 10.0 23 125
66 35 10.0 17 129
66 65 10.0 30 108
66 67 10.0 27 174
66 97 10.0 44 164
67 36 10.0 13 116
67 66 10.0 39 127
67 68 10.0 46 159
67 98 10.0 21 158
68 37 10.0 14 160
68 67 10.0 13 130
68 69 10.0 58 193
68 99 10.0 48 112
69 38 10.0 19 119
69 68 10.0 13 102
69 70 10.0 48 188
69 100 10.0 48 148
70 39 10.0 50 197
70 69 10.0 22 115
70 71 10.0 34 109
70 101 10.0 44 148
71 40 10.0 30 105
71 70 10.0 49 172
71 72 10.0 41 149
71 102 10.0 49 164
72 41 10.0 13 195
72 71 10.0 29 122
72 73 10.0 37 103
72 103 10.0 37 129
73 42 10.0 51 195
73 72 10.0 55 164
73 74 10.0 34 167
73 104 10.0 37 116
74 43 10.0 23 114
74 73 10.0 37 196
74 75 10.0 31 119
74 105 10.0 56 166
75 44 10.0 17 102
75 74 10.0 8 121
75 76 10.0 70 169
75 106 10.0 1 160
76 45 10.0 52 144
76 75 10.0 8 191
76 77 10.0 50 189
76 107 10.0 41 197
77 46 10.0 34 172
77 76 10.0 18 157
77 78 10.0 51 200
77 108 10.0 40 170
78 47 10.0 8 184
78 77 10.0 47 150
78 79 10.0 45 114
78 109 10.0 55 167
79 48 10.0 37 103
79 78 10.0 8 156
79 80 10.0 27 115
79 110 10.0 35 185
80 49 10.0 72 117
80 79 10.0 27 123
80 81 10.0 46 150
80 111 10.0 15 165
81 50 10.0 22 143
81 80 10.0 45 151
81 82 10.0 51 176
81 112 10.0 65 174
82 51 10.0 15 133
82 81 10.0 74 117
82 83 10.0 70 174
82 113 10.0 1 138
83 52 10.0 64 106
83 82 10.0 48 134
83 84 10.0 25 183
83 114 10.0 29 121
84 53 10.0 7 195
84 83 10.0 48 125
84 85 10.0 46 137
84 115 10.0 27 189
85 54 10.0 21 136
85 84 10.0 27 200
85 86 10.0 48 195
85 116 10.0 43 109
86 55 10.0 44 166
86 85 10.0 61 118
86 87 10.0 47 133
86 117 10.0 1 101
87 56 10.0 31 159
87 86 10.0 25 139
87 88 10.0 19 199
87 118 10.0 63 101
88 57 10.0 15 139
88 87 10.0 68 170
88 89 10.0 31 152
88 119 10.0 15 108
89 58 10.0 15 163
89 88 10.0 17 198
89 90 10.0 19 179
89 120 10.0 13 113
90 59 10.0 21 147
90 89 10.0 31 170
90 91 10.0 7 199
90 121 10.0 8 138
91 60 10.0 14 159
91 90 10.0 9 169
91 92 10.0 16 137
91 122 10.0 30 151
92 61 10.0 9 117
92 91 10.0 12 178
92 93 10.0 20 102
92 123 10.0 10 104
93 62 10.0 19 138
93 92 10.0 9 138
93 124 10.0 31 193
94 63 10.0 33 149
94 95 10.0 33 153
94 125 10.0 19 167
95 64 10.0 39 141
95 94 10.0 19 104
95 96 10.0 8 162
95 126 10.0 57 150
96 65 10.0 21 183
96 95 10.0 42 193
96 97 10.0 20 161
96 127 10.0 19 112
97 66 10.0 30 125
97 96 10.0 35 165
97 98 10.0 17 157
97 128 10.0 25 168
98 67 10.0 50 174
98 97 10.0 32 168
98 99 10.0 13 196
98 129 10.0 18 164
99 68 10.0 19 157
99 98 10.0 28 116
99 100 10.0 39 175
99 130 10.0 23 199
100 69 10.0 10 101
100 99 10.0 21 176
100 101 10.0 63 150
100 131 10.0 38 137
101 70 10.0 31 101
101 100 10.0 23 153
101 102 10.0 55 175
101 132 10.0 41 158
102 71 10.0 32 189
102 101 10.0 29 198
102 103 10.0 24 157
102 133 10.0 97 119
103 72 10.0 19 180
103 102 10.0 47 109
103 104 10.0 63 138
103 134 10.0 40 160
104 73 10.0 43 192
104 103 10.0 41 188
104 105 10.0 66 188
104 135 10.0 40 126
105 74 10.0 26 190
105 104 10.0 40 120
105 106 10.0 61 142
105 136 10.0 26 105
106 75 10.0 46 147
106 105 10.0 60 148
106 107 10.0 46 153
106 137 10.0 31 109
107 76 10.0 30 136
107 106 10.0 81 127
107 108 10.0 67 122
107 138 10.0 16 198
108 77 10.0 47 185
108 107 10.0 47 132
108 109 10.0 53 168
108 139 10.0 62 158
109 78 10.0 8 156
109 108 10.0 46 113
109 110 10.0 77 103
109 140 10.0 75 197
110 79 10.0 28 167
110 109 10.0 50 142
110 111 10.0 58 196
110 141 10.0 39 195
111 80 10.0 50 160
111 110 10.0 1 134
111 112 10.0 53 142
111 142 10.0 30 180
112 81 10.0 53 148
112 111 10.0 31 111
112 113 10.0 20 141
112 143 10.0 70 163
113 82 10.0 43 106
113 112 10.0 27 148
113 114 10.0 31 159
113 144 10.0 18 182
114 83 10.0 30 198
114 113 10.0 31 197
114 115 10.0 14 122
114 145 10.0 63 190
115 84 10.0 12 145
115 114 10.0 60 160
115 116 10.0 7 195
115 146 10.0 59 120
116 85 10.0 19 180
116 115 10.0 70 150
116 117 10.0 19 168
116 147 10.0 8 103
117 86 10.0 61 199
117 116 10.0 16 108
117 118 10.0 7 142
117 148 10.0 23 166
118 87 10.0 12 173
118 117 10.0 61 194
118 119 10.0 33 153
118 149 10.0 44 111
119 88 10.0 38 147
119 118 10.0 26 107
119 120 10.0 17 109
119 150 10.0 1 170
120 89 10.0 1 112
120 119 10.0 13 146
120 121 10.0 7 184
120 151 10.0 36 154
121 90 10.0 33 166
121 120 10.0 19 160
121 122 10.0 14 114
121 152 10.0 19 135
122 91 10.0 14 172
122 121 10.0 21 149
122 123 10.0 1 120
122 153 10.0 25 117
123 92 10.0 12 191
123 122 10.0 7 186
123 124 10.0 1 123
123 154 10.0 31 186
124 93 10.0 27 200
124 123 10.0 33 190
124 155 10.0 7 139
125 94 10.0 36 188
125 126 10.0 43 199
125 156 10.0 25 121
126 95 10.0 35 198
126 125 10.0 25 176
126 127 10.0 42 137
126 157 10.0 49 118
127 96 10.0 36 133
127 126 10.0 27 108
127 128 10.0 54 193
127 158 10.0 10 148
128 97 10.0 11 135
128 127 10.0 18 153
128 129 10.0 58 174
128 159 10.0 53 118
129 98 10.0 46 135
129 128 10.0 26 125
129 130 10.0 37 193
129 160 10.0 1 119
130 99 10.0 28 139
130 129 10.0 7 190
130 131 10.0 6 103
130 161 10.0 44 177
131 100 10.0 21 129
131 130 10.0 16 127
131 132 10.0 9 168
131 162 10.0 65 182
132 101 10.0 15 121
132 131 10.0 48 193
132 133 10.0 43 138
132 163 10.0 63 104
133 102 10.0 29 158
133 132 10.0 80 129
133 134 10.0 19 127
133 164 10.0 43 189
134 103 10.0 67 152
134 133 10.0 21 136
134 135 10.0 46 143
134 165 10.0 31 119
135 104 10.0 52 126
135 134 10.0 72 166
135 136 10.0 65 175
135 166 10.0 42 160
136 105 10.0 19 174
136 135 10.0 77 107
136 137 10.0 46 193
136 167 10.0 38 157
137 106 10.0 43 147
137 136 10.0 30 186
137 138 10.0 19 138
137 168 10.0 70 105
138 107 10.0 60 170
138 137 10.0 48 127
138 139 10.0 47 113
138 169 10.0 21 154
139 108 10.0 56 175
139 138 10.0 49 176
139 140 10.0 54 154
139 170 10.0 53 172
140 109 10.0 49 140
140 139 10.0 39 187
140 141 10.0 92 117
140 171 10.0 37 106
141 110 10.0 60 183
141 140 10.0 30 109
141 142 10.0 79 176
141 172 10.0 29 158
142 111 10.0 30 143
142 141 10.0 33 125
142 143 10.0 22 168
142 173 10.0 64 124
143 112 10.0 26 125
143 142 10.0 15 184
143 144 10.0 34 170
143 174 10.0 37 185
144 113 10.0 65 167
144 143 10.0 9 153
144 145 10.0 18 112
144 175 10.0 38 176
145 114 10.0 18 167
145 144 10.0 31 136
145 146 10.0 40 197
145 176 10.0 32 166
146 115 10.0 27 190
146 145 10.0 9 113
146 147 10.0 59 105
146 177 10.0 86 197
147 116 10.0 48 180
147 146 10.0 50 186
147 148 10.0 67 146
147 178 10.0 20 149
148 117 10.0 24 154
148 147 10.0 49 136
148 149 10.0 62 123
148 179 10.0 28 161
149 118 10.0 55 129
149 148 10.0 52 183
149 150 10.0 49 122
149 180 10.0 33 108
150 119 10.0 21 102
150 149 10.0 36 167
150 151 10.0 29 198
150 181 10.0 41 162
151 120 10.0 7 157
151 150 10.0 46 105
151 152 10.0 15 182
151 182 10.0 30 179
152 121 10.0 49 118
152 151 10.0 1 127
152 153 10.0 24 136
152 183 10.0 47 146
153 122 10.0 10 192
153 152 10.0 46 195
153 154 10.0 24 174
153 184 10.0 7 151
154 123 10.0 7 149
154 153 10.0 9 102
154 155 10.0 48 181
154 185 10.0 18 143
155 124 10.0 36 194
155 154 10.0 12 184
155 186 10.0 55 182
156 125 10.0 59 188
156 157 10.0 35 141
156 187 10.0 41 194
157 126 10.0 24 187
157 156 10.0 65 136
157 158 10.0 44 121
157 188 10.0 40 148
158 127 10.0 47 108
158 157 10.0 43 199
158 159 10.0 13 181
158 189 10.0 23 119
159 128 10.0 36 181
159 158 10.0 41 198
159 160 10.0 10 179
159 190 10.0 51 192
160 129 10.0 25 192
160 159 10.0 38 161
160 161 10.0 1 115
160 191 10.0 24 142
161 130 10.0 10 164
161 160 10.0 32 125
161 162 10.0 25 115
161 192 10.0 23 197
162 131 10.0 20 123
162 161 10.0 29 156
162 163 10.0 61 103
162 193 10.0 22 163
163 132 10.0 37 142
163 162 10.0 25 192
163 164 10.0 46 167
163 194 10.0 42 177
164 133 10.0 14 162
164 163 10.0 7 113
164 165 10.0 57 135
164 195 10.0 71 163
165 134 10.0 32 101
165 164 10.0 30 200
165 166 10.0 40 104
165 196 10.0 63 166
166 135 10.0 69 112
166 165 10.0 34 145
166 167 10.0 35 102
166 197 10.0 13 144
167 136 10.0 59 145
167 166 10.0 51 192
167 168 10.0 61 165
167 198 10.0 17 159
168 137 10.0 37 139
168 167 10.0 42 134
168 169 10.0 32 149
168 199 10.0 98 152
169 138 10.0 94 178
169 168 10.0 54 179
169 170 10.0 18 147
169 200 10.0 25 187
170 139 10.0 63 147
170 169 10.0 86 187
170 171 10.0 49 106
170 201 10.0 10 168
171 140 10.0 55 185
171 170 10.0 74 155
171 172 10.0 35 101
171 202 10.0 87 111
172 141 10.0 34 178
172 171 10.0 129 196
172 173 10.0 11 127
172 203 10.0 37 189
173 142 10.0 24 175
173 172 10.0 48 157
173 174 10.0 1 109
173 204 10.0 80 153
174 143 10.0 13 200
174 173 10.0 66 186
174 175 10.0 52 162
174 205 10.0 6 100
175 144 10.0 48 199
175 174 10.0 34 140
175 176 10.0 55 200
175 206 10.0 7 124
176 145 10.0 32 192
176 175 10.0 30 136
176 177 10.0 36 187
176 207 10.0 35 118
177 146 10.0 34 126
177 176 10.0 18 117
177 178 10.0 66 118
177 208 10.0 56 191
178 147 10.0 69 160
178 177 10.0 7 200
178 179 10.0 33 134
178 209 10.0 30 185
179 148 10.0 21 118
179 178 10.0 20 199
179 180 10.0 54 157
179 210 10.0 15 171
180 149 10.0 44 112
180 179 10.0 15 200
180 181 10.0 40 134
180 211 10.0 29 138
181 150 10.0 31 143
181 180 10.0 9 189
181 182 10.0 60 193
181 212 10.0 52 198
182 151 10.0 33 155
182 181 10.0 15 111
182 183 10.0 43 129
182 213 10.0 51 115
183 152 10.0 39 138
183 182 10.0 43 124
183 184 10.0 21 180
183 214 10.0 7 196
184 153 10.0 28 144
184 183 10.0 21 113
184 185 10.0 21 169
184 215 10.0 26 135
185 154 10.0 14 151
185 184 10.0 50 102
185 186 10.0 9 114
185 216 10.0 34 138
186 155 10.0 47 129
186 185 10.0 61 128
186 217 10.0 31 199
187 156 10.0 46 139
187 188 10.0 55 169
187 218 10.0 9 152
188 157 10.0 44 191
188 187 10.0 32 178
188 189 10.0 47 187
188 219 10.0 25 118
189 158 10.0 32 123
189 188 10.0 13 163
189 190 10.0 34 128
189 220 10.0 42 144
190 159 10.0 37 106
190 189 10.0 7 144
190 191 10.0 71 161
190 221 10.0 33 163
191 160 10.0 46 148
191 190 10.0 19 160
191 192 10.0 40 169
191 222 10.0 30 102
192 161 10.0 15 196
192 191 10.0 27 139
192 193 10.0 43 160
192 223 10.0 63 146
193 162 10.0 15 200
193 192 10.0 46 145
193 194 10.0 64 196
193 224 10.0 15 169
194 163 10.0 20 140
194 193 10.0 32 170
194 195 10.0 60 192
194 225 10.0 39 128
195 164 10.0 29 163
195 194 10.0 22 144
195 196 10.0 67 128
195 226 10.0 64 126
196 165 10.0 43 156
196 195 10.0 19 108
196 197 10.0 65 180
196 227 10.0 33 177
197 166 10.0 18 136
197 196 10.0 18 132
197 198 10.0 79 118
197 228 10.0 40 131
198 167 10.0 74 179
198 197 10.0 22 154
198 199 10.0 8 124
198 229 10.0 64 125
199 168 10.0 20 146
199 198 10.0 61 173
199 200 10.0 74 114
199 230 10.0 37 109
200 169 10.0 52 194
200 199 10.0 34 107
200 201 10.0 78 181
200 231 10.0 57 179
201 170 10.0 60 180
201 200 10.0 62 104
201 202 10.0 53 117
201 232 10.0 55 111
202 171 10.0 43 182
202 201 10.0 66 158
202 203 10.0 60 184
202 233 10.0 35 185
203 172 10.0 97 117
203 202 10.0 1 179
203 204 10.0 82 124
203 234 10.0 33 157
204 173 10.0 13 179
204 203 10.0 35 178
204 205 10.0 64 100
204 235 10.0 92 147
205 174 10.0 65 100
205 204 10.0 17 149
205 206 10.0 41 188
205 236 10.0 44 188
206 175 10.0 26 174
206 205 10.0 66 109
206 207 10.0 25 160
206 237 10.0 36 169
207 176 10.0 28 115
207 206 10.0 78 194
207 208 10.0 37 163
207 238 10.0 41 132
208 177 10.0 44 155
208 207 10.0 67 140
208 209 10.0 57 122
208 239 10.0 14 110
209 178 10.0 34 186
209 208 10.0 46 171
209 210 10.0 30 136
209 240 10.0 54 124
210 179 10.0 32 174
210 209 10.0 60 200
210 211 10.0 30 150
210 241 10.0 13 109
211 180 10.0 35 185
211 210 10.0 42 157
211 212 10.0 61 178
211 242 10.0 7 109
212 181 10.0 58 184
212 211 10.0 30 131
212 213 10.0 42 131
212 243 10.0 24 102
213 182 10.0 9 182
213 212 10.0 21 105
213 214 10.0 56 140
213 244 10.0 70 194
214 183 10.0 1 114
214 213 10.0 43 141
214 215 10.0 16 102
214 245 10.0 57 200
215 184 10.0 18 134
215 214 10.0 44 107
215 216 10.0 54 200
215 246 10.0 27 153
216 185 10.0 8 115
216 215 10.0 21 119
216 217 10.0 56 151
216 247 10.0 28 188
217 186 10.0 73 162
217 216 10.0 1 131
217 248 10.0 61 179
218 187 10.0 36 119
218 219 10.0 28 167
218 249 10.0 18 119
219 188 10.0 43 149
219 218 10.0 27 194
219 220 10.0 13 152
219 250 10.0 33 193
220 189 10.0 44 160
220 219 10.0 19 152
220 221 10.0 1 145
220 251 10.0 42 177
221 190 10.0 43 176
221 220 10.0 32 108
221 222 10.0 24 198
221 252 10.0 20 197
222 191 10.0 14 106
222 221 10.0 34 163
222 223 10.0 34 106
222 253 10.0 47 143
223 192 10.0 36 149
223 222 10.0 39 142
223 224 10.0 18 156
223 254 10.0 58 102
224 193 10.0 45 134
224 223 10.0 38 199
224 225 10.0 36 138
224 255 10.0 19 139
225 194 10.0 22 196
225 224 10.0 87 138
225 226 10.0 34 144
225 256 10.0 50 179
226 195 10.0 35 131
226 225 10.0 50 141
226 227 10.0 60 144
226 257 10.0 50 170
227 196 10.0 15 183
227 226 10.0 50 145
227 228 10.0 48 195
227 258 10.0 32 148
228 197 10.0 54 186
228 227 10.0 10 147
228 229 10.0 66 121
228 259 10.0 41 155
229 198 10.0 14 133
229 228 10.0 43 146
229 230 10.0 121 111
229 260 10.0 36 175
230 199 10.0 52 172
230 229 10.0 39 161
230 231 10.0 82 106
230 261 10.0 86 159
231 200 10.0 61 125
231 230 10.0 69 112
231 232 10.0 78 135
231 262 10.0 29 129
232 201 10.0 39 149
232 231 10.0 50 115
232 233 10.0 95 103
232 263 10.0 13 111
233 202 10.0 63 101
233 232 10.0 30 114
233 234 10.0 82 123
233 264 10.0 62 172
234 203 10.0 78 147
234 233 10.0 14 129
234 235 10.0 42 134
234 265 10.0 49 168
235 204 10.0 21 112
235 234 10.0 21 116
235 236 10.0 45 160
235 266 10.0 107 147
236 205 10.0 30 175
236 235 10.0 47 153
236 237 10.0 57 180
236 267 10.0 20 116
237 206 10.0 31 175
237 236 10.0 42 177
237 238 10.0 40 140
237 268 10.0 45 192
238 207 10.0 56 130
238 237 10.0 21 196
238 239 10.0 101 195
238 269 10.0 14 114
239 208 10.0 44 163
239 238 10.0 43 124
239 240 10.0 46 172
239 270 10.0 68 167
240 209 10.0 18 135
240 239 10.0 18 149
240 241 10.0 79 116
240 271 10.0 62 114
241 210 10.0 47 137
241 240 10.0 19 160
241 242 10.0 56 144
241 272 10.0 21 187
242 211 10.0 55 155
242 241 10.0 7 130
242 243 10.0 20 179
242 273 10.0 33 184
243 212 10.0 19 166
243 242 10.0 41 117
243 244 10.0 15 106
243 274 10.0 52 196
244 213 10.0 17 159
244 243 10.0 60 119
244 245 10.0 31 111
244 275 10.0 65 166
245 214 10.0 10 149
245 244 10.0 67 107
245 246 10.0 41 111
245 276 10.0 19 143
246 215 10.0 79 165
246 245 10.0 27 157
246 247 10.0 40 186
246 277 10.0 23 192
247 216 10.0 25 133
247 246 10.0 30 173
247 248 10.0 8 163
247 278 10.0 54 110
248 217 10.0 47 108
248 247 10.0 49 118
248 279 10.0 34 150
249 218 10.0 45 106
249 250 10.0 20 106
249 280 10.0 26 182
250 219 10.0 44 134
250 249 10.0 47 185
250 251 10.0 18 126
250 281 10.0 45 140
251 220 10.0 18 180
251 250 10.0 36 162
251 252 10.0 1 151
251 282 10.0 28 198
252 221 10.0 50 198
252 251 10.0 22 178
252 253 10.0 10 112
252 283 10.0 31 116
253 222 10.0 37 161
253 252 10.0 51 159
253 254 10.0 25 142
253 284 10.0 27 183
254 223 10.0 17 191
254 253 10.0 27 125
254 255 10.0 45 170
254 285 10.0 62 187
255 224 10.0 19 183
255 254 10.0 48 179
255 256 10.0 9 114
255 286 10.0 55 183
256 225 10.0 66 139
256 255 10.0 31 172
256 257 10.0 30 114
256 287 10.0 32 147
257 226 10.0 44 139
257 256 10.0 44 124
257 258 10.0 45 144
257 288 10.0 40 168
258 227 10.0 45 155
258 257 10.0 59 194
258 259 10.0 18 158
258 289 10.0 44 178
259 228 10.0 37 135
259 258 10.0 36 172
259 260 10.0 36 157
259 290 10.0 57 157
260 229 10.0 45 188
260 259 10.0 54 143
260 261 10.0 16 111
260 291 10.0 38 144
261 230 10.0 32 127
261 260 10.0 54 198
261 262 10.0 83 200
261 292 10.0 10 157
262 231 10.0 46 152
262 261 10.0 52 174
262 263 10.0 50 156
262 293 10.0 25 175
263 232 10.0 34 174
263 262 10.0 13 107
263 264 10.0 20 133
263 294 10.0 43 106
264 233 10.0 44 167
264 263 10.0 36 106
264 265 10.0 49 122
264 295 10.0 66 142
265 234 10.0 45 192
265 264 10.0 67 127
265 266 10.0 28 148
265 296 10.0 70 109
266 235 10.0 13 142
266 265 10.0 56 107
266 267 10.0 89 186
266 297 10.0 47 180
267 236 10.0 23 181
267 266 10.0 30 174
267 268 10.0 49 161
267 298 10.0 74 162
268 237 10.0 45 164
268 267 10.0 26 106
268 269 10.0 50 171
268 299 10.0 13 195
269 238 10.0 69 109
269 268 10.0 14 126
269 270 10.0 72 164
269 300 10.0 37 185
270 239 10.0 69 170
270 269 10.0 61 103
270 271 10.0 37 131
270 301 10.0 33 100
271 240 10.0 59 137
271 270 10.0 14 162
271 272 10.0 17 122
271 302 10.0 120 139
272 241 10.0 42 195
272 271 10.0 79 156
272 273 10.0 30 167
272 303 10.0 28 181
273 242 10.0 13 114
273 272 10.0 73 125
273 274 10.0 16 166
273 304 10.0 50 137
274 243 10.0 23 196
274 273 10.0 46 120
274 275 10.0 43 128
274 305 10.0 35 148
275 244 10.0 21 109
275 274 10.0 17 191
275 276 10.0 26 164
275 306 10.0 57 153
276 245 10.0 24 118
276 275 10.0 1 192
276 277 10.0 54 115
276 307 10.0 37 102
277 246 10.0 72 178
277 276 10.0 20 157
277 278 10.0 29 194
277 308 10.0 42 135
278 247 10.0 1 196
278 277 10.0 34 103
278 279 10.0 71 136
278 309 10.0 48 105
279 248 10.0 65 163
279 278 10.0 8 131
279 310 10.0 54 186
280 249 10.0 26 168
280 281 10.0 58 111
280 311 10.0 1 125
281 250 10.0 66 159
281 280 10.0 7 121
281 282 10.0 32 163
281 312 10.0 50 138
282 251 10.0 1 157
282 281 10.0 30 175
282 283 10.0 63 130
282 313 10.0 58 190
283 252 10.0 42 136
283 282 10.0 55 165
283 284 10.0 63 104
283 314 10.0 28 116
284 253 10.0 55 144
284 283 10.0 52 118
284 285 10.0 38 149
284 315 10.0 41 189
285 254 10.0 18 110
285 284 10.0 50 182
285 286 10.0 39 118
285 316 10.0 29 168
286 255 10.0 36 142
286 285 10.0 35 195
286 287 10.0 33 163
286 317 10.0 71 178
287 256 10.0 57 128
287 286 10.0 22 125
287 288 10.0 42 137
287 318 10.0 26 199
288 257 10.0 34 138
288 287 10.0 29 148
288 289 10.0 32 123
288 319 10.0 57 126
289 258 10.0 55 133
289 288 10.0 29 105
289 290 10.0 40 191
289 320 10.0 58 136
290 259 10.0 53 109
290 289 10.0 61 140
290 291 10.0 49 164
290 321 10.0 39 106
291 260 10.0 27 177
291 290 10.0 24 196
291 292 10.0 83 134
291 322 10.0 15 146
292 261 10.0 26 196
292 291 10.0 10 129
292 293 10.0 40 128
292 323 10.0 67 108
293 262 10.0 48 150
293 292 10.0 37 135
293 294 10.0 41 176
293 324 10.0 31 116
294 263 10.0 13 101
294 293 10.0 47 163
294 295 10.0 18 172
294 325 10.0 64 199
295 264 10.0 50 184
295 294 10.0 35 150
295 296 10.0 53 102
295 326 10.0 48 134
296 265 10.0 55 187
296 295 10.0 32 101
296 297 10.0 60 159
296 327 10.0 47 177
297 266 10.0 44 134
297 296 10.0 46 159
297 298 10.0 61 194
297 328 10.0 59 133
298 267 10.0 39 141
298 297 10.0 50 169
298 299 10.0 47 114
298 329 10.0 90 138
299 268 10.0 23 127
299 298 10.0 37 107
299 300 10.0 58 181
299 330 10.0 12 153
300 269 10.0 67 183
300 299 10.0 21 167
300 301 10.0 27 190
300 331 10.0 45 164
301 270 10.0 45 194
301 300 10.0 32 129
301 302 10.0 26 180
301 332 10.0 34 119
302 271 10.0 28 162
302 301 10.0 60 103
302 303 10.0 106 108
302 333 10.0 34 183
303 272 10.0 67 127
303 302 10.0 33 123
303 304 10.0 45 152
303 334 10.0 46 137
304 273 10.0 44 176
304 303 10.0 21 120
304 305 10.0 52 174
304 335 10.0 27 119
305 274 10.0 62 137
305 304 10.0 31 106
305 306 10.0 34 102
305 336 10.0 35 187
306 275 10.0 13 115
306 305 10.0 35 193
306 307 10.0 65 159
306 337 10.0 11 199
307 276 10.0 50 183
307 306 10.0 14 181
307 308 10.0 51 112
307 338 10.0 69 187
308 277 10.0 50 183
308 307 10.0 9 126
308 309 10.0 64 143
308 339 10.0 31 106
309 278 10.0 64 155
309 308 10.0 40 176
309 310 10.0 37 110
309 340 10.0 22 111
310 279 10.0 19 127
310 309 10.0 4 195
310 341 10.0 72 136
311 280 10.0 52 119
311 312 10.0 48 156
311 342 10.0 43 156
312 281 10.0 20 151
312 311 10.0 61 158
312 313 10.0 28 154
312 343 10.0 38 119
313 282 10.0 36 175
313 312 10.0 48 196
313 314 10.0 50 171
313 344 10.0 27 147
314 283 10.0 41 164
314 313 10.0 7 123
314 315 10.0 52 140
314 345 10.0 57 169
315 284 10.0 49 136
315 314 10.0 44 190
315 316 10.0 59 180
315 346 10.0 34 108
316 285 10.0 1 185
316 315 10.0 49 110
316 317 10.0 82 184
316 347 10.0 51 144
317 286 10.0 59 163
317 316 10.0 65 117
317 318 10.0 82 128
317 348 10.0 37 183
318 287 10.0 53 183
318 317 10.0 32 179
318 319 10.0 73 190
318 349 10.0 48 182
319 288 10.0 40 161
319 318 10.0 63 198
319 320 10.0 81 131
319 350 10.0 20 172
320 289 10.0 44 146
320 319 10.0 34 142
320 321 10.0 47 153
320 351 10.0 64 137
321 290 10.0 78 150
321 320 10.0 24 198
321 322 10.0 41 147
321 352 10.0 68 142
322 291 10.0 53 126
322 321 10.0 81 111
322 323 10.0 19 181
322 353 10.0 43 155
323 292 10.0 14 179
323 322 10.0 98 166
323 324 10.0 44 102
323 354 10.0 14 128
324 293 10.0 44 104
324 323 10.0 35 108
324 325 10.0 64 154
324 355 10.0 31 187
325 294 10.0 23 183
325 324 10.0 32 139
325 326 10.0 38 172
325 356 10.0 95 189
326 295 10.0 66 100
326 325 10.0 59 152
326 327 10.0 33 118
326 357 10.0 36 148
327 296 10.0 24 129
327 326 10.0 41 112
327 328 10.0 48 160
327 358 10.0 35 166
328 297 10.0 55 170
328 327 10.0 47 103
328 329 10.0 49 184
328 359 10.0 66 184
329 298 10.0 59 174
329 328 10.0 42 173
329 330 10.0 39 150
329 360 10.0 52 135
330 299 10.0 47 103
330 329 10.0 33 179
330 331 10.0 18 185
330 361 10.0 79 183
331 300 10.0 32 158
331 330 10.0 110 121
331 332 10.0 44 148
331 362 10.0 39 151
332 301 10.0 19 110
332 331 10.0 75 135
332 333 10.0 31 160
332 363 10.0 1 109
333 302 10.0 50 136
333 332 10.0 1 121
333 334 10.0 47 143
333 364 10.0 29 144
334 303 10.0 38 154
334 333 10.0 45 175
334 335 10.0 48 137
334 365 10.0 34 200
335 304 10.0 19 178
335 334 10.0 31 121
335 336 10.0 20 104
335 366 10.0 45 123
336 305 10.0 40 103
336 335 10.0 18 149
336 337 10.0 26 170
336 367 10.0 26 122
337 306 10.0 18 135
337 336 10.0 38 115
337 338 10.0 42 180
337 368 10.0 24 119
338 307 10.0 73 140
338 337 10.0 32 167
338 339 10.0 16 145
338 369 10.0 29 110
339 308 10.0 23 133
339 338 10.0 7 128
339 340 10.0 20 141
339 370 10.0 22 115
340 309 10.0 46 196
340 339 10.0 1 128
340 341 10.0 14 196
340 371 10.0 21 168
341 310 10.0 4 131
341 340 10.0 69 143
341 372 10.0 59 123
342 311 10.0 80 146
342 343 10.0 25 165
342 373 10.0 37 171
343 312 10.0 1 107
343 342 10.0 38 150
343 344 10.0 20 189
343 374 10.0 58 150
344 313 10.0 68 199
344 343 10.0 46 102
344 345 10.0 22 185
344 375 10.0 22 132
345 314 10.0 37 125
345 344 10.0 30 138
345 346 10.0 33 111
345 376 10.0 62 112
346 315 10.0 42 170
346 345 10.0 12 118
346 347 10.0 78 128
346 377 10.0 13 183
347 316 10.0 32 135
347 346 10.0 22 186
347 348 10.0 50 190
347 378 10.0 72 172
348 317 10.0 56 131
348 347 10.0 47 149
348 349 10.0 49 150
348 379 10.0 26 199
349 318 10.0 33 145
349 348 10.0 22 145
349 350 10.0 48 144
349 380 10.0 58 130
350 319 10.0 38 136
350 349 10.0 39 139
350 351 10.0 34 167
350 381 10.0 92 149
351 320 10.0 29 199
351 350 10.0 105 117
351 352 10.0 48 160
351 382 10.0 38 110
352 321 10.0 46 162
352 351 10.0 70 152
352 353 10.0 79 142
352 383 10.0 43 134
353 322 10.0 40 196
353 352 10.0 33 151
353 354 10.0 66 139
353 384 10.0 55 108
354 323 10.0 48 147
354 353 10.0 29 129
354 355 10.0 38 119
354 385 10.0 87 177
355 324 10.0 66 135
355 354 10.0 74 166
355 356 10.0 42 198
355 386 10.0 39 200
356 325 10.0 1 111
356 355 10.0 110 179
356 357 10.0 47 129
356 387 10.0 95 159
357 326 10.0 69 190
357 356 10.0 54 169
357 358 10.0 55 111
357 388 10.0 29 133
358 327 10.0 21 129
358 357 10.0 47 165
358 359 10.0 70 162
358 389 10.0 16 184
359 328 10.0 66 147
359 358 10.0 21 177
359 360 10.0 22 145
359 390 10.0 82 158
360 329 10.0 20 187
360 359 10.0 27 145
360 361 10.0 11 129
360 391 10.0 64 162
361 330 10.0 13 152
361 360 10.0 14 128
361 362 10.0 47 136
361 392 10.0 40 184
362 331 10.0 28 191
362 361 10.0 13 186
362 363 10.0 14 138
362 393 10.0 75 173
363 332 10.0 48 186
363 362 10.0 8 177
363 364 10.0 27 154
363 394 10.0 35 158
364 333 10.0 19 100
364 363 10.0 59 169
364 365 10.0 34 169
364 395 10.0 22 107
365 334 10.0 39 116
365 364 10.0 32 158
365 366 10.0 30 142
365 396 10.0 36 170
366 335 10.0 21 121
366 365 10.0 23 151
366 367 10.0 35 146
366 397 10.0 41 124
367 336 10.0 18 103
367 366 10.0 9 161
367 368 10.0 55 123
367 398 10.0 28 137
368 337 10.0 52 144
368 367 10.0 26 170
368 369 10.0 38 127
368 399 10.0 26 154
369 338 10.0 31 119
369 368 10.0 69 103
369 370 10.0 21 178
369 400 10.0 38 169
370 339 10.0 25 137
370 369 10.0 39 158
370 371 10.0 39 142
370 401 10.0 1 140
371 340 10.0 20 137
371 370 10.0 26 126
371 372 10.0 14 109
371 402 10.0 68 107
372 341 10.0 45 102
372 371 10.0 59 183
372 403 10.0 45 188
373 342 10.0 61 194
373 374 10.0 52 150
373 404 10.0 13 178
374 343 10.0 8 121
374 373 10.0 65 193
374 375 10.0 37 188
374 405 10.0 65 175
375 344 10.0 82 120
375 374 10.0 8 159
375 376 10.0 45 136
375 406 10.0 13 131
376 345 10.0 72 166
376 375 10.0 32 141
376 377 10.0 48 135
376 407 10.0 89 133
377 346 10.0 57 153
377 376 10.0 87 163
377 378 10.0 22 114
377 408 10.0 22 180
378 347 10.0 1 185
378 377 10.0 31 138
378 379 10.0 63 132
378 409 10.0 65 199
379 348 10.0 68 161
379 378 10.0 33 148
379 380 10.0 32 173
379 410 10.0 33 167
380 349 10.0 27 149
380 379 10.0 60 131
380 381 10.0 56 189
380 411 10.0 49 143
381 350 10.0 27 152
381 380 10.0 45 121
381 382 10.0 55 112
381 412 10.0 67 198
382 351 10.0 52 166
382 381 10.0 25 105
382 383 10.0 59 188
382 413 10.0 54 107
383 352 10.0 91 103
383 382 10.0 16 183
383 384 10.0 65 174
383 414 10.0 8 192
384 353 10.0 45 135
384 383 10.0 48 129
384 385 10.0 32 102
384 415 10.0 60 143
385 354 10.0 49 186
385 384 10.0 38 164
385 386 10.0 56 148
385 416 10.0 50 147
386 355 10.0 44 120
386 385 10.0 23 192
386 387 10.0 54 126
386 417 10.0 55 123
387 356 10.0 63 114
387 386 10.0 45 182
387 388 10.0 74 159
387 418 10.0 31 185
388 357 10.0 78 125
388 387 10.0 45 102
388 389 10.0 24 135
388 419 10.0 68 196
389 358 10.0 43 164
389 388 10.0 88 136
389 390 10.0 7 110
389 420 10.0 46 106
390 359 10.0 25 186
390 389 10.0 60 175
390 391 10.0 56 124
390 421 10.0 33 184
391 360 10.0 33 123
391 390 10.0 36 103
391 392 10.0 42 113
391 422 10.0 92 116
392 361 10.0 12 113
392 391 10.0 35 116
392 393 10.0 41 188
392 423 10.0 40 124
393 362 10.0 33 167
393 392 10.0 23 185
393 394 10.0 67 150
393 424 10.0 67 148
394 363 10.0 45 120
394 393 10.0 58 169
394 395 10.0 51 169
394 425 10.0 7 187
395 364 10.0 45 195
395 394 10.0 24 173
395 396 10.0 29 133
395 426 10.0 41 127
396 365 10.0 46 169
396 395 10.0 43 159
396 397 10.0 14 152
396 427 10.0 11 142
397 366 10.0 34 192
397 396 10.0 31 172
397 398 10.0 28 178
397 428 10.0 61 184
398 367 10.0 22 117
398 397 10.0 54 155
398 399 10.0 43 181
398 429 10.0 28 131
399 368 10.0 36 186
399 398 10.0 31 102
399 400 10.0 46 157
399 430 10.0 40 139
400 369 10.0 53 166
400 399 10.0 75 153
400 401 10.0 1 108
400 431 10.0 59 103
401 370 10.0 33 122
401 400 10.0 55 188
401 402 10.0 1 109
401 432 10.0 35 148
402 371 10.0 9 194
402 401 10.0 95 175
402 403 10.0 55 154
402 433 10.0 42 160
403 372 10.0 77 112
403 402 10.0 54 154
403 434 10.0 21 188
404 373 10.0 26 147
404 405 10.0 41 180
404 435 10.0 30 115
405 374 10.0 55 192
405 404 10.0 25 124
405 406 10.0 65 140
405 436 10.0 18 183
406 375 10.0 57 177
406 405 10.0 27 127
406 407 10.0 39 142
406 437 10.0 47 120
407 376 10.0 45 115
407 406 10.0 60 190
407 408 10.0 77 198
407 438 10.0 61 102
408 377 10.0 97 112
408 407 10.0 61 116
408 409 10.0 47 100
408 439 10.0 35 186
409 378 10.0 29 182
409 408 10.0 62 123
409 410 10.0 33 199
409 440 10.0 92 181
410 379 10.0 17 191
410 409 10.0 95 155
410 411 10.0 27 197
410 441 10.0 1 116
411 380 10.0 60 196
411 410 10.0 31 149
411 412 10.0 40 155
411 442 10.0 55 164
412 381 10.0 21 185
412 411 10.0 53 117
412 413 10.0 44 172
412 443 10.0 63 110
413 382 10.0 80 154
413 412 10.0 27 165
413 414 10.0 47 143
413 444 10.0 47 112
414 383 10.0 29 180
414 413 10.0 56 138
414 415 10.0 34 108
414 445 10.0 45 185
415 384 10.0 25 185
415 414 10.0 46 108
415 416 10.0 44 159
415 446 10.0 40 162
416 385 10.0 48 117
416 415 10.0 46 130
416 417 10.0 34 123
416 447 10.0 65 194
417 386 10.0 35 166
417 416 10.0 63 153
417 418 10.0 71 168
417 448 10.0 30 189
418 387 10.0 76 111
418 417 10.0 51 179
418 419 10.0 31 125
418 449 10.0 39 129
419 388 10.0 24 128
419 418 10.0 59 125
419 420 10.0 35 197
419 450 10.0 70 152
420 389 10.0 83 110
420 419 10.0 60 111
420 421 10.0 36 192
420 451 10.0 9 126
421 390 10.0 49 131
421 420 10.0 39 109
421 422 10.0 63 188
421 452 10.0 31 126
422 391 10.0 48 192
422 421 10.0 77 131
422 423 10.0 25 165
422 453 10.0 123 102
423 392 10.0 24 178
423 422 10.0 66 129
423 424 10.0 45 153
423 454 10.0 48 167
424 393 10.0 18 173
424 423 10.0 60 133
424 425 10.0 52 152
424 455 10.0 42 177
425 394 10.0 31 195
425 424 10.0 43 135
425 426 10.0 41 161
425 456 10.0 11 199
426 395 10.0 26 168
426 425 10.0 38 134
426 427 10.0 27 147
426 457 10.0 45 103
427 396 10.0 18 192
427 426 10.0 8 114
427 428 10.0 66 160
427 458 10.0 63 113
428 397 10.0 47 200
428 427 10.0 62 165
428 429 10.0 70 184
428 459 10.0 52 178
429 398 10.0 58 146
429 428 10.0 34 183
429 430 10.0 68 151
429 460 10.0 10 195
430 399 10.0 9 139
430 429 10.0 46 118
430 431 10.0 39 191
430 461 10.0 47 188
431 400 10.0 49 106
431 430 10.0 21 111
431 432 10.0 80 197
431 462 10.0 26 127
432 401 10.0 28 122
432 431 10.0 32 135
432 433 10.0 62 166
432 463 10.0 80 120
433 402 10.0 77 138
433 432 10.0 54 123
433 434 10.0 39 102
433 464 10.0 14 197
434 403 10.0 52 132
434 433 10.0 31 199
434 465 10.0 44 109
435 404 10.0 59 148
435 436 10.0 30 132
435 466 10.0 20 108
436 405 10.0 31 161
436 435 10.0 27 140
436 437 10.0 48 129
436 467 10.0 13 100
437 406 10.0 35 177
437 436 10.0 18 183
437 438 10.0 44 151
437 468 10.0 59 109
438 407 10.0 53 135
438 437 10.0 33 111
438 439 10.0 63 136
438 469 10.0 93 156
439 408 10.0 76 146
439 438 10.0 64 150
439 440 10.0 44 176
439 470 10.0 53 158
440 409 10.0 10 153
440 439 10.0 79 122
440 441 10.0 14 106
440 471 10.0 73 120
441 410 10.0 42 147
441 440 10.0 44 107
441 442 10.0 43 176
441 472 10.0 38 117
442 411 10.0 55 155
442 441 10.0 42 117
442 443 10.0 39 194
442 473 10.0 67 199
443 412 10.0 50 110
443 442 10.0 55 147
443 444 10.0 81 193
443 474 10.0 38 133
444 413 10.0 49 194
444 443 10.0 82 139
444 445 10.0 15 194
444 475 10.0 105 131
445 414 10.0 63 166
445 444 10.0 70 169
445 446 10.0 22 124
445 476 10.0 23 200
446 415 10.0 13 113
446 445 10.0 32 158
446 447 10.0 31 153
446 477 10.0 66 115
447 416 10.0 37 200
447 446 10.0 46 114
447 448 10.0 58 150
447 478 10.0 31 153
448 417 10.0 60 166
448 447 10.0 23 137
448 449 10.0 54 118
448 479 10.0 59 109
449 418 10.0 81 141
449 448 10.0 75 178
449 450 10.0 25 131
449 480 10.0 87 105
450 419 10.0 28 167
450 449 10.0 114 132
450 451 10.0 17 160
450 481 10.0 38 186
451 420 10.0 67 192
451 450 10.0 50 146
451 452 10.0 43 108
451 482 10.0 42 153
452 421 10.0 39 160
452 451 10.0 104 200
452 453 10.0 8 133
452 483 10.0 41 178
453 422 10.0 54 173
453 452 10.0 67 129
453 454 10.0 47 116
453 484 10.0 54 157
454 423 10.0 53 124
454 453 10.0 63 170
454 455 10.0 49 126
454 485 10.0 37 154
455 424 10.0 18 162
455 454 10.0 38 184
455 456 10.0 58 195
455 486 10.0 35 122
456 425 10.0 31 122
456 455 10.0 39 141
456 457 10.0 38 178
456 487 10.0 36 184
457 426 10.0 44 106
457 456 10.0 56 117
457 458 10.0 24 108
457 488 10.0 47 182
458 427 10.0 54 122
458 457 10.0 47 186
458 459 10.0 63 122
458 489 10.0 51 116
459 428 10.0 71 152
459 458 10.0 59 114
459 460 10.0 32 160
459 490 10.0 76 170
460 429 10.0 28 162
460 459 10.0 43 108
460 461 10.0 33 153
460 491 10.0 54 164
461 430 10.0 8 170
461 460 10.0 69 197
461 462 10.0 52 149
461 492 10.0 69 115
462 431 10.0 42 133
462 461 10.0 79 192
462 463 10.0 27 129
462 493 10.0 43 127
463 432 10.0 35 158
463 462 10.0 47 102
463 464 10.0 40 142
463 494 10.0 14 110
464 433 10.0 50 196
464 463 10.0 17 119
464 465 10.0 38 165
464 495 10.0 33 178
465 434 10.0 68 184
465 464 10.0 45 169
465 496 10.0 38 111
466 435 10.0 53 154
466 467 10.0 37 161
466 497 10.0 32 199
467 436 10.0 52 185
467 466 10.0 27 174
467 468 10.0 36 105
467 498 10.0 42 168
468 437 10.0 26 138
468 467 10.0 60 197
468 469 10.0 80 136
468 499 10.0 12 176
469 438 10.0 70 140
469 468 10.0 41 199
469 470 10.0 68 186
469 500 10.0 65 119
470 439 10.0 60 133
470 469 10.0 46 118
470 471 10.0 63 104
470 501 10.0 35 111
471 440 10.0 1 168
471 470 10.0 70 164
471 472 10.0 82 160
471 502 10.0 69 109
472 441 10.0 109 188
472 471 10.0 48 141
472 473 10.0 18 152
472 503 10.0 52 120
473 442 10.0 50 108
473 472 10.0 52 157
473 474 10.0 34 156
473 504 10.0 50 172
474 443 10.0 36 153
474 473 10.0 53 189
474 475 10.0 68 112
474 505 10.0 28 150
475 444 10.0 54 169
475 474 10.0 32 198
475 476 10.0 85 107
475 506 10.0 47 199
476 445 10.0 90 196
476 475 10.0 6 117
476 477 10.0 31 123
476 507 10.0 82 197
477 446 10.0 37 156
477 476 10.0 47 113
477 478 10.0 72 118
477 508 10.0 40 176
478 447 10.0 53 114
478 477 10.0 65 139
478 479 10.0 31 184
478 509 10.0 40 141
479 448 10.0 31 123
479 478 10.0 52 158
479 480 10.0 48 192
479 510 10.0 68 195
480 449 10.0 57 186
480 479 10.0 42 137
480 481 10.0 84 111
480 511 10.0 52 141
481 450 10.0 56 175
481 480 10.0 49 102
481 482 10.0 110 199
481 512 10.0 1 153
482 451 10.0 68 158
482 481 10.0 57 182
482 483 10.0 78 155
482 513 10.0 24 194
483 452 10.0 52 133
483 482 10.0 54 128
483 484 10.0 62 174
483 514 10.0 43 197
484 453 10.0 30 121
484 483 10.0 57 184
484 485 10.0 54 143
484 515 10.0 33 172
485 454 10.0 72 148
485 484 10.0 34 197
485 486 10.0 18 171
485 516 10.0 88 128
486 455 10.0 18 156
486 485 10.0 60 129
486 487 10.0 29 147
486 517 10.0 39 140
487 456 10.0 20 197
487 486 10.0 63 144
487 488 10.0 54 103
487 518 10.0 33 169
488 457 10.0 42 123
488 487 10.0 29 125
488 489 10.0 32 170
488 519 10.0 62 118
489 458 10.0 70 102
489 488 10.0 55 198
489 490 10.0 17 144
489 520 10.0 50 147
490 459 10.0 79 113
490 489 10.0 43 198
490 491 10.0 39 112
490 521 10.0 29 178
491 460 10.0 46 182
491 490 10.0 56 150
491 492 10.0 17 118
491 522 10.0 26 197
492 461 10.0 42 165
492 491 10.0 33 100
492 493 10.0 37 163
492 523 10.0 46 131
493 462 10.0 67 117
493 492 10.0 22 104
493 494 10.0 32 196
493 524 10.0 55 195
494 463 10.0 12 107
494 493 10.0 39 115
494 495 10.0 50 115
494 525 10.0 34 167
495 464 10.0 39 165
495 494 10.0 48 172
495 496 10.0 39 159
495 526 10.0 30 151
496 465 10.0 66 152
496 495 10.0 38 117
496 527 10.0 29 131
497 466 10.0 75 120
497 498 10.0 47 166
497 528 10.0 53 144
498 467 10.0 49 127
498 497 10.0 35 148
498 499 10.0 61 183
498 529 10.0 32 143
499 468 10.0 44 127
499 498 10.0 36 114
499 500 10.0 36 146
499 530 10.0 85 155
500 469 10.0 23 188
500 499 10.0 67 121
500 501 10.0 28 122
500 531 10.0 75 103
501 470 10.0 18 138
501 500 10.0 94 165
501 502 10.0 33 186
501 532 10.0 25 140
502 471 10.0 32 100
502 501 10.0 54 200
502 503 10.0 52 112
502 533 10.0 31 144
503 472 10.0 58 169
503 502 10.0 33 151
503 504 10.0 1 103
503 534 10.0 101 161
504 473 10.0 50 138
504 503 10.0 78 114
504 505 10.0 51 194
504 535 10.0 18 177
505 474 10.0 81 169
505 504 10.0 42 110
505 506 10.0 50 104
505 536 10.0 39 113
506 475 10.0 35 121
506 505 10.0 47 185
506 507 10.0 24 120
506 537 10.0 68 104
507 476 10.0 50 134
507 506 10.0 65 125
507 508 10.0 45 165
507 538 10.0 45 136
508 477 10.0 34 133
508 507 10.0 45 170
508 509 10.0 84 112
508 539 10.0 28 165
509 478 10.0 34 176
509 508 10.0 48 128
509 510 10.0 72 121
509 540 10.0 62 109
510 479 10.0 68 145
510 509 10.0 56 142
510 511 10.0 45 183
510 541 10.0 57 199
511 480 10.0 51 121
511 510 10.0 35 186
511 512 10.0 48 118
511 542 10.0 75 171
512 481 10.0 39 100
512 511 10.0 53 112
512 513 10.0 65 135
512 543 10.0 41 151
513 482 10.0 22 121
513 512 10.0 66 147
513 514 10.0 37 128
513 544 10.0 53 165
514 483 10.0 31 145
514 513 10.0 56 180
514 515 10.0 20 156
514 545 10.0 64 118
515 484 10.0 28 184
515 514 10.0 59 132
515 516 10.0 72 173
515 546 10.0 14 174
516 485 10.0 57 154
516 515 10.0 51 130
516 517 10.0 71 111
516 547 10.0 69 174
517 486 10.0 30 111
517 516 10.0 56 172
517 518 10.0 77 164
517 548 10.0 22 158
518 487 10.0 75 104
518 517 10.0 17 144
518 519 10.0 60 104
518 549 10.0 45 105
519 488 10.0 7 128
519 518 10.0 31 169
519 520 10.0 76 114
519 550 10.0 81 157
520 489 10.0 68 113
520 519 10.0 29 198
520 521 10.0 62 183
520 551 10.0 58 112
521 490 10.0 40 113
521 520 10.0 7 112
521 522 10.0 55 159
521 552 10.0 59 168
522 491 10.0 20 163
522 521 10.0 34 118
522 523 10.0 57 200
522 553 10.0 76 180
523 492 10.0 51 116
523 522 10.0 46 118
523 524 10.0 25 140
523 554 10.0 40 181
524 493 10.0 55 167
524 523 10.0 52 138
524 525 10.0 29 179
524 555 10.0 35 125
525 494 10.0 42 140
525 524 10.0 24 118
525 526 10.0 43 129
525 556 10.0 41 168
526 495 10.0 35 181
526 525 10.0 62 167
526 527 10.0 76 199
526 557 10.0 18 147
527 496 10.0 57 164
527 526 10.0 50 111
527 558 10.0 49 132
528 497 10.0 110 135
528 529 10.0 37 119
528 559 10.0 76 152
529 498 10.0 53 107
529 528 10.0 82 124
529 530 10.0 28 143
529 560 10.0 51 199
530 499 10.0 57 157
530 529 10.0 77 175
530 531 10.0 27 165
530 561 10.0 63 134
531 500 10.0 1 161
531 530 10.0 72 161
531 532 10.0 37 146
531 562 10.0 90 165
532 501 10.0 52 196
532 531 10.0 53 189
532 533 10.0 48 132
532 563 10.0 21 136
533 502 10.0 33 196
533 532 10.0 27 132
533 534 10.0 37 133
533 564 10.0 54 167
534 503 10.0 14 164
534 533 10.0 25 144
534 535 10.0 83 116
534 565 10.0 85 152
535 504 10.0 102 156
535 534 10.0 25 174
535 536 10.0 55 192
535 566 10.0 19 125
536 505 10.0 89 192
536 535 10.0 62 125
536 537 10.0 53 200
536 567 10.0 47 177
537 506 10.0 15 166
537 536 10.0 68 184
537 538 10.0 87 129
537 568 10.0 16 167
538 507 10.0 52 165
538 537 10.0 38 106
538 539 10.0 41 110
538 569 10.0 69 197
539 508 10.0 59 176
539 538 10.0 29 173
539 540 10.0 43 126
539 570 10.0 40 124
540 509 10.0 36 121
540 539 10.0 43 138
540 541 10.0 43 154
540 571 10.0 41 168
541 510 10.0 53 109
541 540 10.0 42 124
541 542 10.0 59 135
541 572 10.0 79 183
542 511 10.0 61 101
542 541 10.0 64 182
542 543 10.0 58 160
542 573 10.0 49 165
543 512 10.0 82 130
543 542 10.0 32 163
543 544 10.0 16 130
543 574 10.0 67 127
544 513 10.0 37 186
544 543 10.0 28 143
544 545 10.0 42 199
544 575 10.0 31 102
545 514 10.0 31 200
545 544 10.0 54 193
545 546 10.0 69 193
545 576 10.0 54 183
546 515 10.0 68 160
546 545 10.0 45 122
546 547 10.0 82 102
546 577 10.0 24 141
547 516 10.0 33 167
547 546 10.0 77 133
547 548 10.0 73 160
547 578 10.0 39 161
548 517 10.0 58 137
548 547 10.0 17 191
548 549 10.0 36 129
548 579 10.0 47 187
549 518 10.0 60 158
549 548 10.0 24 146
549 550 10.0 57 125
549 580 10.0 35 175
550 519 10.0 42 128
550 549 10.0 62 198
550 551 10.0 58 125
550 581 10.0 59 173
551 520 10.0 85 138
551 550 10.0 38 197
551 552 10.0 42 138
551 582 10.0 60 104
552 521 10.0 36 131
552 551 10.0 48 159
552 553 10.0 39 182
552 583 10.0 52 187
553 522 10.0 62 132
553 552 10.0 57 134
553 554 10.0 47 187
553 584 10.0 34 190
554 523 10.0 7 171
554 553 10.0 46 120
554 555 10.0 46 188
554 585 10.0 57 156
555 524 10.0 70 149
555 554 10.0 41 192
555 556 10.0 72 157
555 586 10.0 1 149
556 525 10.0 25 149
556 555 10.0 46 129
556 557 10.0 50 191
556 587 10.0 49 195
557 526 10.0 70 179
557 556 10.0 22 164
557 558 10.0 50 191
557 588 10.0 23 116
558 527 10.0 49 171
558 557 10.0 42 192
558 589 10.0 41 192
559 528 10.0 87 119
559 560 10.0 85 152
559 590 10.0 73 147
560 529 10.0 65 103
560 559 10.0 65 149
560 561 10.0 51 147
560 591 10.0 30 179
561 530 10.0 41 161
561 560 10.0 33 145
561 562 10.0 77 136
561 592 10.0 41 167
562 531 10.0 45 179
562 561 10.0 44 169
562 563 10.0 49 136
562 593 10.0 59 145
563 532 10.0 88 173
563 562 10.0 7 117
563 564 10.0 59 160
563 594 10.0 21 135
564 533 10.0 48 104
564 563 10.0 42 135
564 565 10.0 70 125
564 595 10.0 26 162
565 534 10.0 41 124
565 564 10.0 27 143
565 566 10.0 105 165
565 596 10.0 72 129
566 535 10.0 34 150
566 565 10.0 36 138
566 567 10.0 42 107
566 597 10.0 69 178
567 536 10.0 90 176
567 566 10.0 30 153
567 568 10.0 15 124
567 598 10.0 49 136
568 537 10.0 27 166
568 567 10.0 29 144
568 569 10.0 26 158
568 599 10.0 55 135
569 538 10.0 38 138
569 568 10.0 44 161
569 570 10.0 60 150
569 600 10.0 57 135
570 539 10.0 58 182
570 569 10.0 66 133
570 571 10.0 23 171
570 601 10.0 85 104
571 540 10.0 15 160
571 570 10.0 76 166
571 572 10.0 51 109
571 602 10.0 43 122
572 541 10.0 65 132
572 571 10.0 50 114
572 573 10.0 52 105
572 603 10.0 62 176
573 542 10.0 71 121
573 572 10.0 44 142
573 574 10.0 60 110
573 604 10.0 26 199
574 543 10.0 67 169
574 573 10.0 41 133
574 575 10.0 24 120
574 605 10.0 80 111
575 544 10.0 14 130
575 574 10.0 56 166
575 576 10.0 22 200
575 606 10.0 26 162
576 545 10.0 58 119
576 575 10.0 43 132
576 577 10.0 39 178
576 607 10.0 72 166
577 546 10.0 59 167
577 576 10.0 92 146
577 578 10.0 27 145
577 608 10.0 32 148
578 547 10.0 54 200
578 577 10.0 87 133
578 579 10.0 49 102
578 609 10.0 32 177
579 548 10.0 38 128
579 578 10.0 78 156
579 580 10.0 73 170
579 610 10.0 30 128
580 549 10.0 30 160
580 579 10.0 57 145
580 581 10.0 75 192
580 611 10.0 40 132
581 550 10.0 47 100
581 580 10.0 31 105
581 582 10.0 63 179
581 612 10.0 74 194
582 551 10.0 60 186
582 581 10.0 61 104
582 583 10.0 47 143
582 613 10.0 20 177
583 552 10.0 17 134
583 582 10.0 24 129
583 584 10.0 58 184
583 614 10.0 65 166
584 553 10.0 39 134
584 583 10.0 14 144
584 585 10.0 50 180
584 615 10.0 65 109
585 554 10.0 27 116
585 584 10.0 38 180
585 586 10.0 36 196
585 616 10.0 43 125
586 555 10.0 53 176
586 585 10.0 9 170
586 587 10.0 57 159
586 617 10.0 12 124
587 556 10.0 34 154
587 586 10.0 44 141
587 588 10.0 23 108
587 618 10.0 62 181
588 557 10.0 54 139
588 587 10.0 51 171
588 589 10.0 22 171
588 619 10.0 36 101
589 558 10.0 36 176
589 588 10.0 59 200
589 620 10.0 45 130
590 559 10.0 105 152
590 591 10.0 47 183
590 621 10.0 45 101
591 560 10.0 44 148
591 590 10.0 61 124
591 592 10.0 8 159
591 622 10.0 85 189
592 561 10.0 32 163
592 591 10.0 77 104
592 593 10.0 34 134
592 623 10.0 14 197
593 562 10.0 26 136
593 592 10.0 32 178
593 594 10.0 15 106
593 624 10.0 64 106
594 563 10.0 62 136
594 593 10.0 36 111
594 595 10.0 51 177
594 625 10.0 1 142
595 564 10.0 45 191
595 594 10.0 42 117
595 596 10.0 20 140
595 626 10.0 53 100
596 565 10.0 54 111
596 595 10.0 46 173
596 597 10.0 53 155
596 627 10.0 46 142
597 566 10.0 26 180
597 596 10.0 37 195
597 598 10.0 43 184
597 628 10.0 84 106
598 567 10.0 68 189
598 597 10.0 41 200
598 599 10.0 1 127
598 629 10.0 69 146
599 568 10.0 63 110
599 598 10.0 78 124
599 600 10.0 10 134
599 630 10.0 21 194
600 569 10.0 38 162
600 599 10.0 42 101
600 601 10.0 58 147
600 631 10.0 60 148
601 570 10.0 55 143
601 600 10.0 38 143
601 602 10.0 35 130
601 632 10.0 89 154
602 571 10.0 72 146
602 601 10.0 45 163
602 603 10.0 85 138
602 633 10.0 14 188
603 572 10.0 53 145
603 602 10.0 43 179
603 604 10.0 54 137
603 634 10.0 102 138
604 573 10.0 54 183
604 603 10.0 50 119
604 605 10.0 27 160
604 635 10.0 32 117
605 574 10.0 28 182
605 604 10.0 16 161
605 606 10.0 92 197
605 636 10.0 37 145
606 575 10.0 22 194
606 605 10.0 17 122
606 607 10.0 67 171
606 637 10.0 59 156
607 576 10.0 41 140
607 606 10.0 20 151
607 608 10.0 72 138
607 638 10.0 48 163
608 577 10.0 63 194
608 607 10.0 35 139
608 609 10.0 13 182
608 639 10.0 41 188
609 578 10.0 75 119
609 608 10.0 41 186
609 610 10.0 26 188
609 640 10.0 19 179
610 579 10.0 67 146
610 609 10.0 38 115
610 611 10.0 36 177
610 641 10.0 69 165
611 580 10.0 68 129
611 610 10.0 94 174
611 612 10.0 19 169
611 642 10.0 46 154
612 581 10.0 17 100
612 611 10.0 110 148
612 613 10.0 30 150
612 643 10.0 49 128
613 582 10.0 45 168
613 612 10.0 87 138
613 614 10.0 14 104
613 644 10.0 48 137
614 583 10.0 51 186
614 613 10.0 104 120
614 615 10.0 9 158
614 645 10.0 45 167
615 584 10.0 36 119
615 614 10.0 53 135
615 616 10.0 61 156
615 646 10.0 1 190
616 585 10.0 28 104
616 615 10.0 14 200
616 617 10.0 53 104
616 647 10.0 78 179
617 586 10.0 50 141
617 616 10.0 33 128
617 618 10.0 32 157
617 648 10.0 31 103
618 587 10.0 9 151
618 617 10.0 56 129
618 619 10.0 50 126
618 649 10.0 12 131
619 588 10.0 59 190
619 618 10.0 23 108
619 620 10.0 46 165
619 650 10.0 36 177
620 589 10.0 74 190
620 619 10.0 62 184
620 651 10.0 20 134
621 590 10.0 59 180
621 622 10.0 30 134
621 652 10.0 58 166
622 591 10.0 48 100
622 621 10.0 14 175
622 623 10.0 50 155
622 653 10.0 89 179
623 592 10.0 78 107
623 622 10.0 52 175
623 624 10.0 45 163
623 654 10.0 26 150
624 593 10.0 7 196
624 623 10.0 79 177
624 625 10.0 58 159
624 655 10.0 32 160
625 594 10.0 71 120
625 624 10.0 34 125
625 626 10.0 17 136
625 656 10.0 48 111
626 595 10.0 36 125
626 625 10.0 65 107
626 627 10.0 62 124
626 657 10.0 11 175
627 596 10.0 70 187
627 626 10.0 32 169
627 628 10.0 34 142
627 658 10.0 39 116
628 597 10.0 30 145
628 627 10.0 42 112
628 629 10.0 71 123
628 659 10.0 61 117
629 598 10.0 7 150
629 628 10.0 49 143
629 630 10.0 45 169
629 660 10.0 94 191
630 599 10.0 74 137
630 629 10.0 18 198
630 631 10.0 58 163
630 661 10.0 10 100
631 600 10.0 92 196
631 630 10.0 32 142
631 632 10.0 68 178
631 662 10.0 52 114
632 601 10.0 31 191
632 631 10.0 69 108
632 633 10.0 89 148
632 663 10.0 18 185
633 602 10.0 96 184
633 632 10.0 11 166
633 634 10.0 30 147
633 664 10.0 37 148
634 603 10.0 58 178
634 633 10.0 58 123
634 635 10.0 64 181
634 665 10.0 62 168
635 604 10.0 68 180
635 634 10.0 40 164
635 636 10.0 51 159
635 666 10.0 44 163
636 605 10.0 50 148
636 635 10.0 38 128
636 637 10.0 31 112
636 667 10.0 62 176
637 606 10.0 29 125
637 636 10.0 54 129
637 638 10.0 39 143
637 668 10.0 39 155
638 607 10.0 9 106
638 637 10.0 31 182
638 639 10.0 34 168
638 669 10.0 96 109
639 608 10.0 21 197
639 638 10.0 60 185
639 640 10.0 16 185
639 670 10.0 95 127
640 609 10.0 76 159
640 639 10.0 79 129
640 641 10.0 14 199
640 671 10.0 28 145
641 610 10.0 56 110
641 640 10.0 93 100
641 642 10.0 37 191
641 672 10.0 10 110
642 611 10.0 37 195
642 641 10.0 98 187
642 643 10.0 57 169
642 673 10.0 26 168
643 612 10.0 28 157
643 642 10.0 98 136
643 644 10.0 35 199
643 674 10.0 57 113
644 613 10.0 38 185
644 643 10.0 90 183
644 645 10.0 28 108
644 675 10.0 22 115
645 614 10.0 78 139
645 644 10.0 35 104
645 646 10.0 30 173
645 676 10.0 20 161
646 615 10.0 63 138
646 645 10.0 12 133
646 647 10.0 7 111
646 677 10.0 29 146
647 616 10.0 36 122
647 646 10.0 62 125
647 648 10.0 33 183
647 678 10.0 33 140
648 617 10.0 27 156
648 647 10.0 47 105
648 649 10.0 9 172
648 679 10.0 42 193
649 618 10.0 9 121
649 648 10.0 39 148
649 650 10.0 32 190
649 680 10.0 1 145
650 619 10.0 17 179
650 649 10.0 21 127
650 651 10.0 59 200
650 681 10.0 38 187
651 620 10.0 65 112
651 650 10.0 32 107
651 682 10.0 33 166
652 621 10.0 88 170
652 653 10.0 27 174
652 683 10.0 47 123
653 622 10.0 33 134
653 652 10.0 54 152
653 654 10.0 48 111
653 684 10.0 42 149
654 623 10.0 54 164
654 653 10.0 35 171
654 655 10.0 81 198
654 685 10.0 39 199
655 624 10.0 33 135
655 654 10.0 52 157
655 656 10.0 41 127
655 686 10.0 59 102
656 625 10.0 48 145
656 655 10.0 22 149
656 657 10.0 63 173
656 687 10.0 65 166
657 626 10.0 72 128
657 656 10.0 71 127
657 658 10.0 44 171
657 688 10.0 14 161
658 627 10.0 22 174
658 657 10.0 52 114
658 659 10.0 13 135
658 689 10.0 77 174
659 628 10.0 39 161
659 658 10.0 57 114
659 660 10.0 34 143
659 690 10.0 54 153
660 629 10.0 38 129
660 659 10.0 39 196
660 661 10.0 68 169
660 691 10.0 24 117
661 630 10.0 61 144
661 660 10.0 1 100
661 662 10.0 26 172
661 692 10.0 90 103
662 631 10.0 55 185
662 661 10.0 56 187
662 663 10.0 44 195
662 693 10.0 30 178
663 632 10.0 37 145
663 662 10.0 52 102
663 664 10.0 31 101
663 694 10.0 55 159
664 633 10.0 16 132
664 663 10.0 84 113
664 665 10.0 18 190
664 695 10.0 55 138
665 634 10.0 68 197
665 664 10.0 38 171
665 666 10.0 55 184
665 696 10.0 57 150
666 635 10.0 68 197
666 665 10.0 90 141
666 667 10.0 28 118
666 697 10.0 53 162
667 636 10.0 37 150
667 666 10.0 98 146
667 668 10.0 24 153
667 698 10.0 50 141
668 637 10.0 40 142
668 667 10.0 74 135
668 669 10.0 40 105
668 699 10.0 10 189
669 638 10.0 23 137
669 668 10.0 62 182
669 670 10.0 45 120
669 700 10.0 45 137
670 639 10.0 38 145
670 669 10.0 1 171
670 671 10.0 105 188
670 701 10.0 40 180
671 640 10.0 66 194
671 670 10.0 22 172
671 672 10.0 33 184
671 702 10.0 101 125
672 641 10.0 17 133
672 671 10.0 52 100
672 673 10.0 24 180
672 703 10.0 46 147
673 642 10.0 41 113
673 672 10.0 72 139
673 674 10.0 44 127
673 704 10.0 33 150
674 643 10.0 21 113
674 673 10.0 75 146
674 675 10.0 84 107
674 705 10.0 22 123
675 644 10.0 62 161
675 674 10.0 44 190
675 676 10.0 42 138
675 706 10.0 24 176
676 645 10.0 77 150
676 675 10.0 22 187
676 677 10.0 31 112
676 707 10.0 62 151
677 646 10.0 18 118
677 676 10.0 72 113
677 678 10.0 40 139
677 708 10.0 29 168
678 647 10.0 34 151
678 677 10.0 58 112
678 679 10.0 33 126
678 709 10.0 11 118
679 648 10.0 20 152
679 678 10.0 29 155
679 680 10.0 34 200
679 710 10.0 25 162
680 649 10.0 40 183
680 679 10.0 4 151
680 681 10.0 35 152
680 711 10.0 14 154
681 650 10.0 35 141
681 680 10.0 8 187
681 682 10.0 23 115
681 712 10.0 57 148
682 651 10.0 51 112
682 681 10.0 36 191
682 713 10.0 29 110
683 652 10.0 50 157
683 684 10.0 16 199
683 714 10.0 58 176
684 653 10.0 28 106
684 683 10.0 43 132
684 685 10.0 24 107
684 715 10.0 36 112
685 654 10.0 82 135
685 684 10.0 22 160
685 686 10.0 20 142
685 716 10.0 64 185
686 655 10.0 1 113
686 685 10.0 53 200
686 687 10.0 35 170
686 717 10.0 66 150
687 656 10.0 39 108
687 686 10.0 40 142
687 688 10.0 55 152
687 718 10.0 51 109
688 657 10.0 77 123
688 687 10.0 58 144
688 689 10.0 29 162
688 719 10.0 1 112
689 658 10.0 27 120
689 688 10.0 50 126
689 690 10.0 39 108
689 720 10.0 72 184
690 659 10.0 70 190
690 689 10.0 56 132
690 691 10.0 31 149
690 721 10.0 21 134
691 660 10.0 39 121
691 690 10.0 49 100
691 692 10.0 26 170
691 722 10.0 85 133
692 661 10.0 45 180
692 691 10.0 92 179
692 693 10.0 45 155
692 723 10.0 44 194
693 662 10.0 54 130
693 692 10.0 67 142
693 694 10.0 47 141
693 724 10.0 36 164
694 663 10.0 31 124
694 693 10.0 69 145
694 695 10.0 62 101
694 725 10.0 24 168
695 664 10.0 63 174
695 694 10.0 46 112
695 696 10.0 74 146
695 726 10.0 43 138
696 665 10.0 48 117
696 695 10.0 65 133
696 697 10.0 81 139
696 727 10.0 42 110
697 666 10.0 44 123
697 696 10.0 46 134
697 698 10.0 37 173
697 728 10.0 36 174
698 667 10.0 47 137
698 697 10.0 36 148
698 699 10.0 59 126
698 729 10.0 52 125
699 668 10.0 38 147
699 698 10.0 44 177
699 700 10.0 41 175
699 730 10.0 55 148
700 669 10.0 35 139
700 699 10.0 49 199
700 701 10.0 25 138
700 731 10.0 72 153
701 670 10.0 27 172
701 700 10.0 63 139
701 702 10.0 38 117
701 732 10.0 39 102
702 671 10.0 35 100
702 701 10.0 71 105
702 703 10.0 57 164
702 733 10.0 62 108
703 672 10.0 25 134
703 702 10.0 57 132
703 704 10.0 41 111
703 734 10.0 35 149
704 673 10.0 66 173
704 703 10.0 30 101
704 705 10.0 26 114
704 735 10.0 42 135
705 674 10.0 56 147
705 704 10.0 37 183
705 706 10.0 50 192
705 736 10.0 16 109
706 675 10.0 43 101
706 705 10.0 40 185
706 707 10.0 41 119
706 737 10.0 56 121
707 676 10.0 59 176
707 706 10.0 66 186
707 708 10.0 89 142
707 738 10.0 12 185
708 677 10.0 40 133
708 707 10.0 28 147
708 709 10.0 9 195
708 739 10.0 85 127
709 678 10.0 32 172
709 708 10.0 42 173
709 710 10.0 40 183
709 740 10.0 22 135
710 679 10.0 29 127
710 709 10.0 49 180
710 711 10.0 1 162
710 741 10.0 76 184
711 680 10.0 49 138
711 710 10.0 79 150
711 712 10.0 8 105
711 742 10.0 1 181
712 681 10.0 16 106
712 711 10.0 50 141
712 713 10.0 34 107
712 743 10.0 30 107
713 682 10.0 58 107
713 712 10.0 13 176
713 744 10.0 34 187
714 683 10.0 36 181
714 715 10.0 51 178
714 745 10.0 42 141
715 684 10.0 49 153
715 714 10.0 42 151
715 716 10.0 38 165
715 746 10.0 23 192
716 685 10.0 72 179
716 715 10.0 59 119
716 717 10.0 41 133
716 747 10.0 27 144
717 686 10.0 36 173
717 716 10.0 50 116
717 718 10.0 10 159
717 748 10.0 101 162
718 687 10.0 27 102
718 717 10.0 67 109
718 719 10.0 53 194
718 749 10.0 34 146
719 688 10.0 42 145
719 718 10.0 67 193
719 720 10.0 21 115
719 750 10.0 10 150
720 689 10.0 27 109
720 719 10.0 70 195
720 721 10.0 17 194
720 751 10.0 48 135
721 690 10.0 38 153
721 720 10.0 67 155
721 722 10.0 27 169
721 752 10.0 31 170
722 691 10.0 52 106
722 721 10.0 60 174
722 723 10.0 39 184
722 753 10.0 33 149
723 692 10.0 42 123
723 722 10.0 58 197
723 724 10.0 62 156
723 754 10.0 50 175
724 693 10.0 63 102
724 723 10.0 72 111
724 725 10.0 92 148
724 755 10.0 8 145
725 694 10.0 40 132
725 724 10.0 51 160
725 726 10.0 42 117
725 756 10.0 35 101
726 695 10.0 43 192
726 725 10.0 17 197
726 727 10.0 47 160
726 757 10.0 65 144
727 696 10.0 63 146
727 726 10.0 46 178
727 728 10.0 28 160
727 758 10.0 74 145
728 697 10.0 56 169
728 727 10.0 71 166
728 729 10.0 50 144
728 759 10.0 29 147
729 698 10.0 62 198
729 728 10.0 44 144
729 730 10.0 14 142
729 760 10.0 46 198
730 699 10.0 59 137
730 729 10.0 32 156
730 731 10.0 9 174
730 761 10.0 84 117
731 700 10.0 32 189
731 730 10.0 77 151
731 732 10.0 22 168
731 762 10.0 42 152
732 701 10.0 33 194
732 731 10.0 36 115
732 733 10.0 37 175
732 763 10.0 27 179
733 702 10.0 28 144
733 732 10.0 47 150
733 734 10.0 27 133
733 764 10.0 31 153
734 703 10.0 28 165
734 733 10.0 1 155
734 735 10.0 71 197
734 765 10.0 37 174
735 704 10.0 50 148
735 734 10.0 29 114
735 736 10.0 50 194
735 766 10.0 17 152
736 705 10.0 71 158
736 735 10.0 25 129
736 737 10.0 11 143
736 767 10.0 47 193
737 706 10.0 40 118
737 736 10.0 38 111
737 738 10.0 24 145
737 768 10.0 50 184
738 707 10.0 50 178
738 737 10.0 24 179
738 739 10.0 23 122
738 769 10.0 47 166
739 708 10.0 1 130
739 738 10.0 77 162
739 740 10.0 25 137
739 770 10.0 55 142
740 709 10.0 68 129
740 739 10.0 20 143
740 741 10.0 33 175
740 771 10.0 9 138
741 710 10.0 10 183
741 740 10.0 25 182
741 742 10.0 62 113
741 772 10.0 43 179
742 711 10.0 74 180
742 741 10.0 21 181
742 743 10.0 29 188
742 773 10.0 14 138
743 712 10.0 51 107
743 742 10.0 50 169
743 744 10.0 28 149
743 774 10.0 1 129
744 713 10.0 42 107
744 743 10.0 52 116
744 775 10.0 47 174
745 714 10.0 26 179
745 746 10.0 58 120
745 776 10.0 38 181
746 715 10.0 9 152
746 745 10.0 37 101
746 747 10.0 26 167
746 777 10.0 35 116
747 716 10.0 47 151
747 746 10.0 14 151
747 748 10.0 20 151
747 778 10.0 35 106
748 717 10.0 19 174
748 747 10.0 42 191
748 749 10.0 98 170
748 779 10.0 30 101
749 718 10.0 51 107
749 748 10.0 35 104
749 750 10.0 71 188
749 780 10.0 34 102
750 719 10.0 16 147
750 749 10.0 14 146
750 751 10.0 25 180
750 781 10.0 52 149
751 720 10.0 1 123
751 750 10.0 14 114
751 752 10.0 20 143
751 782 10.0 39 190
752 721 10.0 66 160
752 751 10.0 1 197
752 753 10.0 30 142
752 783 10.0 27 144
753 722 10.0 11 177
753 752 10.0 43 133
753 754 10.0 42 184
753 784 10.0 14 200
754 723 10.0 59 191
754 753 10.0 24 107
754 755 10.0 82 165
754 785 10.0 13 193
755 724 10.0 86 166
755 754 10.0 35 160
755 756 10.0 31 150
755 786 10.0 30 200
756 725 10.0 33 105
756 755 10.0 51 194
756 757 10.0 56 132
756 787 10.0 13 194
757 726 10.0 41 168
757 756 10.0 24 110
757 758 10.0 53 189
757 788 10.0 59 158
758 727 10.0 48 158
758 757 10.0 26 127
758 759 10.0 60 162
758 789 10.0 116 135
759 728 10.0 100 151
759 758 10.0 67 133
759 760 10.0 18 200
759 790 10.0 26 151
760 729 10.0 31 158
760 759 10.0 91 187
760 761 10.0 11 195
760 791 10.0 57 152
761 730 10.0 34 112
761 760 10.0 88 169
761 762 10.0 17 195
761 792 10.0 50 173
762 731 10.0 57 128
762 761 10.0 77 143
762 763 10.0 22 185
762 793 10.0 38 132
763 732 10.0 23 143
763 762 10.0 59 161
763 764 10.0 31 121
763 794 10.0 53 165
764 733 10.0 34 171
764 763 10.0 61 165
764 765 10.0 26 187
764 795 10.0 30 131
765 734 10.0 45 183
765 764 10.0 53 168
765 766 10.0 28 165
765 796 10.0 70 152
766 735 10.0 11 176
766 765 10.0 30 110
766 767 10.0 29 111
766 797 10.0 33 160
767 736 10.0 49 116
767 766 10.0 32 104
767 768 10.0 53 139
767 798 10.0 8 118
768 737 10.0 61 122
768 767 10.0 46 197
768 769 10.0 41 143
768 799 10.0 28 196
769 738 10.0 33 134
769 768 10.0 34 106
769 770 10.0 50 138
769 800 10.0 38 188
770 739 10.0 28 172
770 769 10.0 52 180
770 771 10.0 79 129
770 801 10.0 21 199
771 740 10.0 59 152
771 770 10.0 34 121
771 772 10.0 32 196
771 802 10.0 19 162
772 741 10.0 7 178
772 771 10.0 22 112
772 773 10.0 74 162
772 803 10.0 47 188
773 742 10.0 26 155
773 772 10.0 47 162
773 774 10.0 41 100
773 804 10.0 24 120
774 743 10.0 17 154
774 773 10.0 34 165
774 775 10.0 18 118
774 805 10.0 49 196
775 744 10.0 82 183
775 774 10.0 50 161
775 806 10.0 27 114
776 745 10.0 44 155
776 777 10.0 42 192
776 807 10.0 20 131
777 746 10.0 11 164
777 776 10.0 22 186
777 778 10.0 46 158
777 808 10.0 22 130
778 747 10.0 21 133
778 777 10.0 17 135
778 779 10.0 43 119
778 809 10.0 61 186
779 748 10.0 36 160
779 778 10.0 52 116
779 780 10.0 32 152
779 810 10.0 44 108
780 749 10.0 49 109
780 779 10.0 39 185
780 781 10.0 14 160
780 811 10.0 34 150
781 750 10.0 11 137
781 780 10.0 41 144
781 782 10.0 21 148
781 812 10.0 38 120
782 751 10.0 1 150
782 781 10.0 35 178
782 783 10.0 44 161
782 813 10.0 31 160
783 752 10.0 28 194
783 782 10.0 17 150
783 784 10.0 39 188
783 814 10.0 18 108
784 753 10.0 25 151
784 783 10.0 1 200
784 785 10.0 44 121
784 815 10.0 69 171
785 754 10.0 51 197
785 784 10.0 29 168
785 786 10.0 40 195
785 816 10.0 44 124
786 755 10.0 41 138
786 785 10.0 70 189
786 787 10.0 21 109
786 817 10.0 27 152
787 756 10.0 64 191
787 786 10.0 51 136
787 788 10.0 46 198
787 818 10.0 27 142
788 757 10.0 28 113
788 787 10.0 94 136
788 789 10.0 88 162
788 819 10.0 41 184
789 758 10.0 56 187
789 788 10.0 78 103
789 790 10.0 30 198
789 820 10.0 95 192
790 759 10.0 95 159
790 789 10.0 40 163
790 791 10.0 22 194
790 821 10.0 8 117
791 760 10.0 33 100
791 790 10.0 45 166
791 792 10.0 32 111
791 822 10.0 60 198
792 761 10.0 21 117
792 791 10.0 36 145
792 793 10.0 67 105
792 823 10.0 31 135
793 762 10.0 73 145
793 792 10.0 35 117
793 794 10.0 46 189
793 824 10.0 16 128
794 763 10.0 55 109
794 793 10.0 57 193
794 795 10.0 31 143
794 825 10.0 18 200
795 764 10.0 37 108
795 794 10.0 30 151
795 796 10.0 21 161
795 826 10.0 20 147
796 765 10.0 43 197
796 795 10.0 11 133
796 797 10.0 60 155
796 827 10.0 26 186
797 766 10.0 25 167
797 796 10.0 16 182
797 798 10.0 22 159
797 828 10.0 74 192
798 767 10.0 20 173
798 797 10.0 30 200
798 799 10.0 33 145
798 829 10.0 38 154
799 768 10.0 41 105
799 798 10.0 58 145
799 800 10.0 9 161
799 830 10.0 24 114
800 769 10.0 16 186
800 799 10.0 35 108
800 801 10.0 26 120
800 831 10.0 50 120
801 770 10.0 39 118
801 800 10.0 45 151
801 802 10.0 35 193
801 832 10.0 19 153
802 771 10.0 33 120
802 801 10.0 67 105
802 803 10.0 41 172
802 833 10.0 20 175
803 772 10.0 28 103
803 802 10.0 60 152
803 804 10.0 51 134
803 834 10.0 33 197
804 773 10.0 17 156
804 803 10.0 56 193
804 805 10.0 43 125
804 835 10.0 14 148
805 774 10.0 25 112
805 804 10.0 33 125
805 806 10.0 41 111
805 836 10.0 54 188
806 775 10.0 95 130
806 805 10.0 19 185
806 837 10.0 53 150
807 776 10.0 46 112
807 808 10.0 29 174
807 838 10.0 1 171
808 777 10.0 7 121
808 807 10.0 16 151
808 809 10.0 53 120
808 839 10.0 37 192
809 778 10.0 60 200
809 808 10.0 24 170
809 810 10.0 29 163
809 840 10.0 36 178
810 779 10.0 51 174
810 809 10.0 10 160
810 811 10.0 9 198
810 841 10.0 55 128
811 780 10.0 26 158
811 810 10.0 30 174
811 812 10.0 42 128
811 842 10.0 20 158
812 781 10.0 11 104
812 811 10.0 17 153
812 813 10.0 36 134
812 843 10.0 69 126
813 782 10.0 71 179
813 812 10.0 17 161
813 814 10.0 35 164
813 844 10.0 17 174
814 783 10.0 30 134
814 813 10.0 43 176
814 815 10.0 31 112
814 845 10.0 22 153
815 784 10.0 55 110
815 814 10.0 31 152
815 816 10.0 58 146
815 846 10.0 35 134
816 785 10.0 39 115
816 815 10.0 30 177
816 817 10.0 12 161
816 847 10.0 64 108
817 786 10.0 37 143
817 816 10.0 27 183
817 818 10.0 63 119
817 848 10.0 35 191
818 787 10.0 58 103
818 817 10.0 49 186
818 819 10.0 34 120
818 849 10.0 64 181
819 788 10.0 69 145
819 818 10.0 67 146
819 820 10.0 30 150
819 850 10.0 26 116
820 789 10.0 20 156
820 819 10.0 93 156
820 821 10.0 24 175
820 851 10.0 49 119
821 790 10.0 64 134
821 820 10.0 35 136
821 822 10.0 31 157
821 852 10.0 22 126
822 791 10.0 58 158
822 821 10.0 52 105
822 823 10.0 15 139
822 853 10.0 62 153
823 792 10.0 38 125
823 822 10.0 66 149
823 824 10.0 26 161
823 854 10.0 55 135
824 793 10.0 8 109
824 823 10.0 47 136
824 825 10.0 62 119
824 855 10.0 41 175
825 794 10.0 34 107
825 824 10.0 50 133
825 826 10.0 36 159
825 856 10.0 22 157
826 795 10.0 37 185
826 825 10.0 42 171
826 827 10.0 48 194
826 857 10.0 9 200
827 796 10.0 30 112
827 826 10.0 41 117
827 828 10.0 7 166
827 858 10.0 74 130
828 797 10.0 14 104
828 827 10.0 67 105
828 829 10.0 18 147
828 859 10.0 46 197
829 798 10.0 34 129
829 828 10.0 27 172
829 830 10.0 48 135
829 860 10.0 20 115
830 799 10.0 35 175
830 829 10.0 27 168
830 831 10.0 46 124
830 861 10.0 26 143
831 800 10.0 37 171
831 830 10.0 1 168
831 832 10.0 23 153
831 862 10.0 80 135
832 801 10.0 22 157
832 831 10.0 42 109
832 833 10.0 36 164
832 863 10.0 20 198
833 802 10.0 46 110
833 832 10.0 50 152
833 834 10.0 16 108
833 864 10.0 41 131
834 803 10.0 31 102
834 833 10.0 55 125
834 835 10.0 42 159
834 865 10.0 11 136
835 804 10.0 19 138
835 834 10.0 33 164
835 836 10.0 72 128
835 866 10.0 1 185
836 805 10.0 42 104
836 835 10.0 31 111
836 837 10.0 13 103
836 867 10.0 76 155
837 806 10.0 100 142
837 836 10.0 31 138
837 868 10.0 40 146
838 807 10.0 40 176
838 839 10.0 8 126
838 869 10.0 21 120
839 808 10.0 38 173
839 838 10.0 31 106
839 840 10.0 13 111
839 870 10.0 21 186
840 809 10.0 23 156
840 839 10.0 51 111
840 841 10.0 28 102
840 871 10.0 1 194
841 810 10.0 24 125
841 840 10.0 18 100
841 842 10.0 16 110
841 872 10.0 87 124
842 811 10.0 60 168
842 841 10.0 39 108
842 843 10.0 37 178
842 873 10.0 8 190
843 812 10.0 35 140
843 842 10.0 51 127
843 844 10.0 56 122
843 874 10.0 30 121
844 813 10.0 30 168
844 843 10.0 27 184
844 845 10.0 8 190
844 875 10.0 56 143
845 814 10.0 44 133
845 844 10.0 31 148
845 846 10.0 11 170
845 876 10.0 34 192
846 815 10.0 48 171
846 845 10.0 55 109
846 847 10.0 23 127
846 877 10.0 6 200
847 816 10.0 18 168
847 846 10.0 57 200
847 848 10.0 66 148
847 878 10.0 26 114
848 817 10.0 75 134
848 847 10.0 15 111
848 849 10.0 23 127
848 879 10.0 72 193
849 818 10.0 47 191
849 848 10.0 49 168
849 850 10.0 26 171
849 880 10.0 42 121
850 819 10.0 22 168
850 849 10.0 36 148
850 851 10.0 43 154
850 881 10.0 42 124
851 820 10.0 27 124
851 850 10.0 33 113
851 852 10.0 77 122
851 882 10.0 49 173
852 821 10.0 68 139
852 851 10.0 33 194
852 853 10.0 81 170
852 883 10.0 33 145
853 822 10.0 29 163
853 852 10.0 44 137
853 854 10.0 35 177
853 884 10.0 83 177
854 823 10.0 93 161
854 853 10.0 23 156
854 855 10.0 36 192
854 885 10.0 41 128
855 824 10.0 66 170
855 854 10.0 49 182
855 856 10.0 30 197
855 886 10.0 8 124
856 825 10.0 20 127
856 855 10.0 23 187
856 857 10.0 4 115
856 887 10.0 75 196
857 826 10.0 39 126
857 856 10.0 43 124
857 858 10.0 1 178
857 888 10.0 26 194
858 827 10.0 9 106
858 857 10.0 61 180
858 859 10.0 34 177
858 889 10.0 28 101
859 828 10.0 38 180
859 858 10.0 52 167
859 860 10.0 71 121
859 890 10.0 1 180
860 829 10.0 46 136
860 859 10.0 30 103
860 861 10.0 11 194
860 891 10.0 62 188
861 830 10.0 62 178
861 860 10.0 43 142
861 862 10.0 11 115
861 892 10.0 36 150
862 831 10.0 1 167
862 861 10.0 50 107
862 863 10.0 48 124
862 893 10.0 36 114
863 832 10.0 27 141
863 862 10.0 12 114
863 864 10.0 51 122
863 894 10.0 26 189
864 833 10.0 41 142
864 863 10.0 18 183
864 865 10.0 20 176
864 895 10.0 42 120
865 834 10.0 59 163
865 864 10.0 1 200
865 866 10.0 19 121
865 896 10.0 32 199
866 835 10.0 40 160
866 865 10.0 30 180
866 867 10.0 19 143
866 897 10.0 36 113
867 836 10.0 4 163
867 866 10.0 18 191
867 868 10.0 61 119
867 898 10.0 77 183
868 837 10.0 106 130
868 867 10.0 27 186
868 899 10.0 28 182
869 838 10.0 38 189
869 870 10.0 28 170
869 900 10.0 8 193
870 839 10.0 7 114
870 869 10.0 15 197
870 871 10.0 29 191
870 901 10.0 21 169
871 840 10.0 38 153
871 870 10.0 8 109
871 872 10.0 9 106
871 902 10.0 14 175
872 841 10.0 24 102
872 871 10.0 21 185
872 873 10.0 42 112
872 903 10.0 33 128
873 842 10.0 55 102
873 872 10.0 15 127
873 874 10.0 29 144
873 904 10.0 29 158
874 843 10.0 40 135
874 873 10.0 33 106
874 875 10.0 1 135
874 905 10.0 42 157
875 844 10.0 17 172
875 874 10.0 32 173
875 876 10.0 41 129
875 906 10.0 27 127
876 845 10.0 34 163
876 875 10.0 40 135
876 877 10.0 14 112
876 907 10.0 44 106
877 846 10.0 32 160
877 876 10.0 16 131
877 878 10.0 57 192
877 908 10.0 9 105
878 847 10.0 64 133
878 877 10.0 30 121
878 879 10.0 33 108
878 909 10.0 33 191
879 848 10.0 32 129
879 878 10.0 17 137
879 880 10.0 42 106
879 910 10.0 55 192
880 849 10.0 43 164
880 879 10.0 22 123
880 881 10.0 90 143
880 911 10.0 38 176
881 850 10.0 59 179
881 880 10.0 56 192
881 882 10.0 55 135
881 912 10.0 51 146
882 851 10.0 59 180
882 881 10.0 45 151
882 883 10.0 73 156
882 913 10.0 57 181
883 852 10.0 74 126
883 882 10.0 55 122
883 884 10.0 23 120
883 914 10.0 61 163
884 853 10.0 24 118
884 883 10.0 42 142
884 885 10.0 49 151
884 915 10.0 52 160
885 854 10.0 54 167
885 884 10.0 35 186
885 886 10.0 10 152
885 916 10.0 60 178
886 855 10.0 55 193
886 885 10.0 28 177
886 887 10.0 19 189
886 917 10.0 18 132
887 856 10.0 26 200
887 886 10.0 48 190
887 888 10.0 38 119
887 918 10.0 37 153
888 857 10.0 34 179
888 887 10.0 44 118
888 889 10.0 16 183
888 919 10.0 30 125
889 858 10.0 9 103
889 888 10.0 43 164
889 890 10.0 48 166
889 920 10.0 25 126
890 859 10.0 52 131
890 889 10.0 19 154
890 891 10.0 45 149
890 921 10.0 19 176
891 860 10.0 17 149
891 890 10.0 27 174
891 892 10.0 32 172
891 922 10.0 64 193
892 861 10.0 66 166
892 891 10.0 13 113
892 893 10.0 35 137
892 923 10.0 18 144
893 862 10.0 33 194
893 892 10.0 26 186
893 894 10.0 34 112
893 924 10.0 28 191
894 863 10.0 31 174
894 893 10.0 51 128
894 895 10.0 32 130
894 925 10.0 1 194
895 864 10.0 28 171
895 894 10.0 32 134
895 896 10.0 21 193
895 926 10.0 66 177
896 865 10.0 48 109
896 895 10.0 46 147
896 897 10.0 32 200
896 927 10.0 8 149
897 866 10.0 22 109
897 896 10.0 55 168
897 898 10.0 84 179
897 928 10.0 18 168
898 867 10.0 36 141
898 897 10.0 63 142
898 899 10.0 42 106
898 929 10.0 53 174
899 868 10.0 58 134
899 898 10.0 23 195
899 930 10.0 46 120
900 869 10.0 37 161
900 901 10.0 8 161
900 931 10.0 1 148
901 870 10.0 14 110
901 900 10.0 23 134
901 902 10.0 21 176
901 932 10.0 14 147
902 871 10.0 18 127
902 901 10.0 29 111
902 903 10.0 34 156
902 933 10.0 1 103
903 872 10.0 9 199
903 902 10.0 15 199
903 904 10.0 34 186
903 934 10.0 27 101
904 873 10.0 47 140
904 903 10.0 9 153
904 905 10.0 13 187
904 935 10.0 44 146
905 874 10.0 23 190
905 904 10.0 21 130
905 906 10.0 34 154
905 936 10.0 13 124
906 875 10.0 20 199
906 905 10.0 32 132
906 907 10.0 41 146
906 937 10.0 1 192
907 876 10.0 40 199
907 906 10.0 15 168
907 908 10.0 71 151
907 938 10.0 33 119
908 877 10.0 64 200
908 907 10.0 13 166
908 909 10.0 18 127
908 939 10.0 48 142
909 878 10.0 58 176
909 908 10.0 45 153
909 910 10.0 1 130
909 940 10.0 52 135
910 879 10.0 20 139
910 909 10.0 61 182
910 911 10.0 40 147
910 941 10.0 14 171
911 880 10.0 54 183
911 910 10.0 31 120
911 912 10.0 1 144
911 942 10.0 78 161
912 881 10.0 43 117
912 911 10.0 64 136
912 913 10.0 42 186
912 943 10.0 23 120
913 882 10.0 73 112
913 912 10.0 65 107
913 914 10.0 43 191
913 944 10.0 11 151
914 883 10.0 64 131
914 913 10.0 41 154
914 915 10.0 35 198
914 945 10.0 31 189
915 884 10.0 25 109
915 914 10.0 34 168
915 916 10.0 53 199
915 946 10.0 27 160
916 885 10.0 40 147
916 915 10.0 30 162
916 917 10.0 59 121
916 947 10.0 48 155
917 886 10.0 53 143
917 916 10.0 48 149
917 918 10.0 40 184
917 948 10.0 15 167
918 887 10.0 11 188
918 917 10.0 53 197
918 919 10.0 43 140
918 949 10.0 27 108
919 888 10.0 18 192
919 918 10.0 40 101
919 920 10.0 27 175
919 950 10.0 27 195
920 889 10.0 62 196
920 919 10.0 21 125
920 921 10.0 36 173
920 951 10.0 16 162
921 890 10.0 58 180
921 920 10.0 58 195
921 922 10.0 1 192
921 952 10.0 17 189
922 891 10.0 19 197
922 921 10.0 54 144
922 923 10.0 28 165
922 953 10.0 44 125
923 892 10.0 35 129
923 922 10.0 41 188
923 924 10.0 34 169
923 954 10.0 11 192
924 893 10.0 1 144
924 923 10.0 40 138
924 925 10.0 26 158
924 955 10.0 51 184
925 894 10.0 23 152
925 924 10.0 34 193
925 926 10.0 31 171
925 956 10.0 57 121
926 895 10.0 27 139
926 925 10.0 51 166
926 927 10.0 14 141
926 957 10.0 45 101
927 896 10.0 27 109
927 926 10.0 17 125
927 928 10.0 1 106
927 958 10.0 50 121
928 897 10.0 8 133
928 927 10.0 72 121
928 929 10.0 16 115
928 959 10.0 1 166
929 898 10.0 12 118
929 928 10.0 16 180
929 930 10.0 43 160
929 960 10.0 52 107
930 899 10.0 55 163
930 929 10.0 18 139
930 961 10.0 36 144
931 900 10.0 15 187
931 932 10.0 1 148
932 901 10.0 14 130
932 931 10.0 15 188
932 933 10.0 8 171
933 902 10.0 32 171
933 932 10.0 22 132
933 934 10.0 8 132
934 903 10.0 8 132
934 933 10.0 54 148
934 935 10.0 21 172
935 904 10.0 29 161
935 934 10.0 48 155
935 936 10.0 8 129
936 905 10.0 6 188
936 935 10.0 19 190
936 937 10.0 20 125
937 906 10.0 17 161
937 936 10.0 24 185
937 938 10.0 13 124
938 907 10.0 62 200
938 937 10.0 34 193
938 939 10.0 19 163
939 908 10.0 17 139
939 938 10.0 68 110
939 940 10.0 40 167
940 909 10.0 47 113
940 939 10.0 57 119
940 941 10.0 45 166
941 910 10.0 46 100
941 940 10.0 58 115
941 942 10.0 26 184
942 911 10.0 22 158
942 941 10.0 72 186
942 943 10.0 57 130
943 912 10.0 58 108
943 942 10.0 46 109
943 944 10.0 38 167
944 913 10.0 55 104
944 943 10.0 59 124
944 945 10.0 25 171
945 914 10.0 32 147
945 944 10.0 91 134
945 946 10.0 7 141
946 915 10.0 21 172
946 945 10.0 71 121
946 947 10.0 7 101
947 916 10.0 16 153
947 946 10.0 66 164
947 948 10.0 1 199
948 917 10.0 27 173
948 947 10.0 30 148
948 949 10.0 8 134
949 918 10.0 16 177
949 948 10.0 49 179
949 950 10.0 1 106
950 919 10.0 17 101
950 949 10.0 31 138
950 951 10.0 4 112
951 920 10.0 24 109
951 950 10.0 25 200
951 952 10.0 11 191
952 921 10.0 26 185
952 951 10.0 40 198
952 953 10.0 4 115
953 922 10.0 39 152
953 952 10.0 42 175
953 954 10.0 15 142
954 923 10.0 33 128
954 953 10.0 49 171
954 955 10.0 12 170
955 924 10.0 21 200
955 954 10.0 68 114
955 956 10.0 27 132
956 925 10.0 68 162
956 955 10.0 55 137
956 957 10.0 33 125
957 926 10.0 21 117
957 956 10.0 71 128
957 958 10.0 52 186
958 927 10.0 1 167
958 957 10.0 68 170
958 959 10.0 52 189
959 928 10.0 63 109
959 958 10.0 20 141
959 960 10.0 38 187
960 929 10.0 37 176
960 959 10.0 65 192
960 961 10.0 22 133
961 930 10.0 22 158
961 960 10.0 36 102
866 697 63
897 368 38
765 608 58
707 418 45
655 778 49
608 105 44
331 759 61
201 782 38
6 387 55
233 340 48
