100 961 3720
1 0 10000
1 10 10
2 10 20
3 10 30
4 10 40
5 10 50
6 10 60
7 10 70
8 10 80
9 10 90
10 10 100
11 10 110
12 10 120
13 10 130
14 10 140
15 10 150
16 10 160
17 10 170
18 10 180
19 10 190
20 10 200
21 10 210
22 10 220
23 10 230
24 10 240
25 10 250
26 10 260
27 10 270
28 10 280
29 10 290
30 10 300
31 10 310
32 20 10
33 20 20
34 20 30
35 20 40
36 20 50
37 20 60
38 20 70
39 20 80
40 20 90
41 20 100
42 20 110
43 20 120
44 20 130
45 20 140
46 20 150
47 20 160
48 20 170
49 20 180
50 20 190
51 20 200
52 20 210
53 20 220
54 20 230
55 20 240
56 20 250
57 20 260
58 20 270
59 20 280
60 20 290
61 20 300
62 20 310
63 30 10
64 30 20
65 30 30
66 30 40
67 30 50
68 30 60
69 30 70
70 30 80
71 30 90
72 30 100
73 30 110
74 30 120
75 30 130
76 30 140
77 30 150
78 30 160
79 30 170
80 30 180
81 30 190
82 30 200
83 30 210
84 30 220
85 30 230
86 30 240
87 30 250
88 30 260
89 30 270
90 30 280
91 30 290
92 30 300
93 30 310
94 40 10
95 40 20
96 40 30
97 40 40
98 40 50
99 40 60
100 40 70
101 40 80
102 40 90
103 40 100
104 40 110
105 40 120
106 40 130
107 40 140
108 40 150
109 40 160
110 40 170
111 40 180
112 40 190
113 40 200
114 40 210
115 40 220
116 40 230
117 40 240
118 40 250
119 40 260
120 40 270
121 40 280
122 40 290
123 40 300
124 40 310
125 50 10
126 50 20
127 50 30
128 50 40
129 50 50
130 50 60
131 50 70
132 50 80
133 50 90
134 50 100
135 50 110
136 50 120
137 50 130
138 50 140
139 50 150
140 50 160
141 50 170
142 50 180
143 50 190
144 50 200
145 50 210
146 50 220
147 50 230
148 50 240
149 50 250
150 50 260
151 50 270
152 50 280
153 50 290
154 50 300
155 50 310
156 60 10
157 60 20
158 60 30
159 60 40
160 60 50
161 60 60
162 60 70
163 60 80
164 60 90
165 60 100
166 60 110
167 60 120
168 60 130
169 60 140
170 60 150
171 60 160
172 60 170
173 60 180
174 60 190
175 60 200
176 60 210
177 60 220
178 60 230
179 60 240
180 60 250
181 60 260
182 60 270
183 60 280
184 60 290
185 60 300
186 60 310
187 70 10
188 70 20
189 70 30
190 70 40
191 70 50
192 70 60
193 70 70
194 70 80
195 70 90
196 70 100
197 70 110
198 70 120
199 70 130
200 70 140
201 70 150
202 70 160
203 70 170
204 70 180
205 70 190
206 70 200
207 70 210
208 70 220
209 70 230
210 70 240
211 70 250
212 70 260
213 70 270
214 70 280
215 70 290
216 70 300
217 70 310
218 80 10
219 80 20
220 80 30
221 80 40
222 80 50
223 80 60
224 80 70
225 80 80
226 80 90
227 80 100
228 80 110
229 80 120
230 80 130
231 80 140
232 80 150
233 80 160
234 80 170
235 80 180
236 80 190
237 80 200
238 80 210
239 80 220
240 80 230
241 80 240
242 80 250
243 80 260
244 80 270
245 80 280
246 80 290
247 80 300
248 80 310
249 90 10
250 90 20
251 90 30
252 90 40
253 90 50
254 90 60
255 90 70
256 90 80
257 90 90
258 90 100
259 90 110
260 90 120
261 90 130
262 90 140
263 90 150
264 90 160
265 90 170
266 90 180
267 90 190
268 90 200
269 90 210
270 90 220
271 90 230
272 90 240
273 90 250
274 90 260
275 90 270
276 90 280
277 90 290
278 90 300
279 90 310
280 100 10
281 100 20
282 100 30
283 100 40
284 100 50
285 100 60
286 100 70
287 100 80
288 100 90
289 100 100
290 100 110
291 100 120
292 100 130
293 100 140
294 100 150
295 100 160
296 100 170
297 100 180
298 100 190
299 100 200
300 100 210
301 100 220
302 100 230
303 100 240
304 100 250
305 100 260
306 100 270
307 100 280
308 100 290
309 100 300
310 100 310
311 110 10
312 110 20
313 110 30
314 110 40
315 110 50
316 110 60
317 110 70
318 110 80
319 110 90
320 110 100
321 110 110
322 110 120
323 110 130
324 110 140
325 110 150
326 110 160
327 110 170
328 110 180
329 110 190
330 110 200
331 110 210
332 110 220
333 110 230
334 110 240
335 110 250
336 110 260
337 110 270
338 110 280
339 110 290
340 110 300
341 110 310
342 120 10
343 120 20
344 120 30
345 120 40
346 120 50
347 120 60
348 120 70
349 120 80
350 120 90
351 120 100
352 120 110
353 120 120
354 120 130
355 120 140
356 120 150
357 120 160
358 120 170
359 120 180
360 120 190
361 120 200
362 120 210
363 120 220
364 120 230
365 120 240
366 120 250
367 120 260
368 120 270
369 120 280
370 120 290
371 120 300
372 120 310
373 130 10
374 130 20
375 130 30
376 130 40
377 130 50
378 130 60
379 130 70
380 130 80
381 130 90
382 130 100
383 130 110
384 130 120
385 130 130
386 130 140
387 130 150
388 130 160
389 130 170
390 130 180
391 130 190
392 130 200
393 130 210
394 130 220
395 130 230
396 130 240
397 130 250
398 130 260
399 130 270
400 130 280
401 130 290
402 130 300
403 130 310
404 140 10
405 140 20
406 140 30
407 140 40
408 140 50
409 140 60
410 140 70
411 140 80
412 140 90
413 140 100
414 140 110
415 140 120
416 140 130
417 140 140
418 140 150
419 140 160
420 140 170
421 140 180
422 140 190
423 140 200
424 140 210
425 140 220
426 140 230
427 140 240
428 140 250
429 140 260
430 140 270
431 140 280
432 140 290
433 140 300
434 140 310
435 150 10
436 150 20
437 150 30
438 150 40
439 150 50
440 150 60
441 150 70
442 150 80
443 150 90
444 150 100
445 150 110
446 150 120
447 150 130
448 150 140
449 150 150
450 150 160
451 150 170
452 150 180
453 150 190
454 150 200
455 150 210
456 150 220
457 150 230
458 150 240
459 150 250
460 150 260
461 150 270
462 150 280
463 150 290
464 150 300
465 150 310
466 160 10
467 160 20
468 160 30
469 160 40
470 160 50
471 160 60
472 160 70
473 160 80
474 160 90
475 160 100
476 160 110
477 160 120
478 160 130
479 160 140
480 160 150
481 160 160
482 160 170
483 160 180
484 160 190
485 160 200
486 160 210
487 160 220
488 160 230
489 160 240
490 160 250
491 160 260
492 160 270
493 160 280
494 160 290
495 160 300
496 160 310
497 170 10
498 170 20
499 170 30
500 170 40
501 170 50
502 170 60
503 170 70
504 170 80
505 170 90
506 170 100
507 170 110
508 170 120
509 170 130
510 170 140
511 170 150
512 170 160
513 170 170
514 170 180
515 170 190
516 170 200
517 170 210
518 170 220
519 170 230
520 170 240
521 170 250
522 170 260
523 170 270
524 170 280
525 170 290
526 170 300
527 170 310
528 180 10
529 180 20
530 180 30
531 180 40
532 180 50
533 180 60
534 180 70
535 180 80
536 180 90
537 180 100
538 180 110
539 180 120
540 180 130
541 180 140
542 180 150
543 180 160
544 180 170
545 180 180
546 180 190
547 180 200
548 180 210
549 180 220
550 180 230
551 180 240
552 180 250
553 180 260
554 180 270
555 180 280
556 180 290
557 180 300
558 180 310
559 190 10
560 190 20
561 190 30
562 190 40
563 190 50
564 190 60
565 190 70
566 190 80
567 190 90
568 190 100
569 190 110
570 190 120
571 190 130
572 190 140
573 190 150
574 190 160
575 190 170
576 190 180
577 190 190
578 190 200
579 190 210
580 190 220
581 190 230
582 190 240
583 190 250
584 190 260
585 190 270
586 190 280
587 190 290
588 190 300
589 190 310
590 200 10
591 200 20
592 200 30
593 200 40
594 200 50
595 200 60
596 200 70
597 200 80
598 200 90
599 200 100
600 200 110
601 200 120
602 200 130
603 200 140
604 200 150
605 200 160
606 200 170
607 200 180
608 200 190
609 200 200
610 200 210
611 200 220
612 200 230
613 200 240
614 200 250
615 200 260
616 200 270
617 200 280
618 200 290
619 200 300
620 200 310
621 210 10
622 210 20
623 210 30
624 210 40
625 210 50
626 210 60
627 210 70
628 210 80
629 210 90
630 210 100
631 210 110
632 210 120
633 210 130
634 210 140
635 210 150
636 210 160
637 210 170
638 210 180
639 210 190
640 210 200
641 210 210
642 210 220
643 210 230
644 210 240
645 210 250
646 210 260
647 210 270
648 210 280
649 210 290
650 210 300
651 210 310
652 220 10
653 220 20
654 220 30
655 220 40
656 220 50
657 220 60
658 220 70
659 220 80
660 220 90
661 220 100
662 220 110
663 220 120
664 220 130
665 220 140
666 220 150
667 220 160
668 220 170
669 220 180
670 220 190
671 220 200
672 220 210
673 220 220
674 220 230
675 220 240
676 220 250
677 220 260
678 220 270
679 220 280
680 220 290
681 220 300
682 220 310
683 230 10
684 230 20
685 230 30
686 230 40
687 230 50
688 230 60
689 230 70
690 230 80
691 230 90
692 230 100
693 230 110
694 230 120
695 230 130
696 230 140
697 230 150
698 230 160
699 230 170
700 230 180
701 230 190
702 230 200
703 230 210
704 230 220
705 230 230
706 230 240
707 230 250
708 230 260
709 230 270
710 230 280
711 230 290
712 230 300
713 230 310
714 240 10
715 240 20
716 240 30
717 240 40
718 240 50
719 240 60
720 240 70
721 240 80
722 240 90
723 240 100
724 240 110
725 240 120
726 240 130
727 240 140
728 240 150
729 240 160
730 240 170
731 240 180
732 240 190
733 240 200
734 240 210
735 240 220
736 240 230
737 240 240
738 240 250
739 240 260
740 240 270
741 240 280
742 240 290
743 240 300
744 240 310
745 250 10
746 250 20
747 250 30
748 250 40
749 250 50
750 250 60
751 250 70
752 250 80
753 250 90
754 250 100
755 250 110
756 250 120
757 250 130
758 250 140
759 250 150
760 250 160
761 250 170
762 250 180
763 250 190
764 250 200
765 250 210
766 250 220
767 250 230
768 250 240
769 250 250
770 250 260
771 250 270
772 250 280
773 250 290
774 250 300
775 250 310
776 260 10
777 260 20
778 260 30
779 260 40
780 260 50
781 260 60
782 260 70
783 260 80
784 260 90
785 260 100
786 260 110
787 260 120
788 260 130
789 260 140
790 260 150
791 260 160
792 260 170
793 260 180
794 260 190
795 260 200
796 260 210
797 260 220
798 260 230
799 260 240
800 260 250
801 260 260
802 260 270
803 260 280
804 260 290
805 260 300
806 260 310
807 270 10
808 270 20
809 270 30
810 270 40
811 270 50
812 270 60
813 270 70
814 270 80
815 270 90
816 270 100
817 270 110
818 270 120
819 270 130
820 270 140
821 270 150
822 270 160
823 270 170
824 270 180
825 270 190
826 270 200
827 270 210
828 270 220
829 270 230
830 270 240
831 270 250
832 270 260
833 270 270
834 270 280
835 270 290
836 270 300
837 270 310
838 280 10
839 280 20
840 280 30
841 280 40
842 280 50
843 280 60
844 280 70
845 280 80
846 280 90
847 280 100
848 280 110
849 280 120
850 280 130
851 280 140
852 280 150
853 280 160
854 280 170
855 280 180
856 280 190
857 280 200
858 280 210
859 280 220
860 280 230
861 280 240
862 280 250
863 280 260
864 280 270
865 280 280
866 280 290
867 280 300
868 280 310
869 290 10
870 290 20
871 290 30
872 290 40
873 290 50
874 290 60
875 290 70
876 290 80
877 290 90
878 290 100
879 290 110
880 290 120
881 290 130
882 290 140
883 290 150
884 290 160
885 290 170
886 290 180
887 290 190
888 290 200
889 290 210
890 290 220
891 290 230
892 290 240
893 290 250
894 290 260
895 290 270
896 290 280
897 290 290
898 290 300
899 290 310
900 300 10
901 300 20
902 300 30
903 300 40
904 300 50
905 300 60
906 300 70
907 300 80
908 300 90
909 300 100
910 300 110
911 300 120
912 300 130
913 300 140
914 300 150
915 300 160
916 300 170
917 300 180
918 300 190
919 300 200
920 300 210
921 300 220
922 300 230
923 300 240
924 300 250
925 300 260
926 300 270
927 300 280
928 300 290
929 300 300
930 300 310
931 310 10
932 310 20
933 310 30
934 310 40
935 310 50
936 310 60
937 310 70
938 310 80
939 310 90
940 310 100
941 310 110
942 310 120
943 310 130
944 310 140
945 310 150
946 310 160
947 310 170
948 310 180
949 310 190
950 310 200
951 310 210
952 310 220
953 310 230
954 310 240
955 310 250
956 310 260
957 310 270
958 310 280
959 310 290
960 310 300
961 310 310
1 2 10.0 209 135
1 32 10.0 223 133
2 1 10.0 260 159
2 3 10.0 285 123
2 33 10.0 225 151
3 2 10.0 389 136
3 4 10.0 352 177
3 34 10.0 184 155
4 3 10.0 382 182
4 5 10.0 290 192
4 35 10.0 267 138
5 4 10.0 298 194
5 6 10.0 396 147
5 36 10.0 218 124
6 5 10.0 280 188
6 7 10.0 386 200
6 37 10.0 363 167
7 6 10.0 358 198
7 8 10.0 252 115
7 38 10.0 331 182
8 7 10.0 298 130
8 9 10.0 398 115
8 39 10.0 254 161
9 8 10.0 322 123
9 10 10.0 317 133
9 40 10.0 383 139
10 9 10.0 385 165
10 11 10.0 439 115
10 41 10.0 296 120
11 10 10.0 442 136
11 12 10.0 536 127
11 42 10.0 370 126
12 11 10.0 421 183
12 13 10.0 416 144
12 43 10.0 403 196
13 12 10.0 458 184
13 14 10.0 303 101
13 44 10.0 461 143
14 13 10.0 439 112
14 15 10.0 405 168
14 45 10.0 271 108
15 14 10.0 319 139
15 16 10.0 366 198
15 46 10.0 328 137
16 15 10.0 353 114
16 17 10.0 406 115
16 47 10.0 367 124
17 16 10.0 398 117
17 18 10.0 399 103
17 48 10.0 353 191
18 17 10.0 407 126
18 19 10.0 301 151
18 49 10.0 413 194
19 18 10.0 441 128
19 20 10.0 289 132
19 50 10.0 364 165
20 19 10.0 521 101
20 21 10.0 295 111
20 51 10.0 331 147
21 20 10.0 482 131
21 22 10.0 354 182
21 52 10.0 325 148
22 21 10.0 543 168
22 23 10.0 312 124
22 53 10.0 312 178
23 22 10.0 520 117
23 24 10.0 407 147
23 54 10.0 242 150
24 23 10.0 516 117
24 25 10.0 428 144
24 55 10.0 274 155
25 24 10.0 392 182
25 26 10.0 322 165
25 56 10.0 327 184
26 25 10.0 344 140
26 27 10.0 306 132
26 57 10.0 332 137
27 26 10.0 333 126
27 28 10.0 286 105
27 58 10.0 220 127
28 27 10.0 250 143
28 29 10.0 253 149
28 59 10.0 222 148
29 28 10.0 271 123
29 30 10.0 212 123
29 60 10.0 195 141
30 29 10.0 257 162
30 31 10.0 261 188
30 61 10.0 207 137
31 30 10.0 266 198
31 62 10.0 267 146
32 1 10.0 236 192
32 33 10.0 263 124
32 63 10.0 250 186
33 2 10.0 166 194
33 32 10.0 223 107
33 34 10.0 274 107
33 64 10.0 187 156
34 3 10.0 253 183
34 33 10.0 169 198
34 35 10.0 167 150
34 65 10.0 225 152
35 4 10.0 283 117
35 34 10.0 133 145
35 36 10.0 248 104
35 66 10.0 243 191
36 5 10.0 343 194
36 35 10.0 322 180
36 37 10.0 220 199
36 67 10.0 211 109
37 6 10.0 208 138
37 36 10.0 386 172
37 38 10.0 309 159
37 68 10.0 234 104
38 7 10.0 253 121
38 37 10.0 211 198
38 39 10.0 261 151
38 69 10.0 414 162
39 8 10.0 373 177
39 38 10.0 286 192
39 40 10.0 248 155
39 70 10.0 274 178
40 9 10.0 252 169
40 39 10.0 284 189
40 41 10.0 330 119
40 71 10.0 417 175
41 10 10.0 360 106
41 40 10.0 332 187
41 42 10.0 361 126
41 72 10.0 381 159
42 11 10.0 492 120
42 41 10.0 384 151
42 43 10.0 242 149
42 73 10.0 313 111
43 12 10.0 263 171
43 42 10.0 352 158
43 44 10.0 228 157
43 74 10.0 560 185
44 13 10.0 308 121
44 43 10.0 448 159
44 45 10.0 350 180
44 75 10.0 273 109
45 14 10.0 505 145
45 44 10.0 305 119
45 46 10.0 312 113
45 76 10.0 291 167
46 15 10.0 256 145
46 45 10.0 406 186
46 47 10.0 371 154
46 77 10.0 388 103
47 16 10.0 338 158
47 46 10.0 420 124
47 48 10.0 219 158
47 78 10.0 427 156
48 17 10.0 332 180
48 47 10.0 409 122
48 49 10.0 291 158
48 79 10.0 219 180
49 18 10.0 289 123
49 48 10.0 289 147
49 50 10.0 304 198
49 80 10.0 465 137
50 19 10.0 284 196
50 49 10.0 321 127
50 51 10.0 196 147
50 81 10.0 336 105
51 20 10.0 376 102
51 50 10.0 237 167
51 52 10.0 277 181
51 82 10.0 259 173
52 21 10.0 332 130
52 51 10.0 331 127
52 53 10.0 276 116
52 83 10.0 286 129
53 22 10.0 229 141
53 52 10.0 257 147
53 54 10.0 350 181
53 84 10.0 339 101
54 23 10.0 352 147
54 53 10.0 305 149
54 55 10.0 349 157
54 85 10.0 294 193
55 24 10.0 410 114
55 54 10.0 252 179
55 56 10.0 298 192
55 86 10.0 293 151
56 25 10.0 227 180
56 55 10.0 309 116
56 57 10.0 386 181
56 87 10.0 275 157
57 26 10.0 262 158
57 56 10.0 236 113
57 58 10.0 261 111
57 88 10.0 402 127
58 27 10.0 276 147
58 57 10.0 273 164
58 59 10.0 286 188
58 89 10.0 191 121
59 28 10.0 172 134
59 58 10.0 272 148
59 60 10.0 319 197
59 90 10.0 166 170
60 29 10.0 171 175
60 59 10.0 173 158
60 61 10.0 303 166
60 91 10.0 307 146
61 30 10.0 255 143
61 60 10.0 185 131
61 62 10.0 204 150
61 92 10.0 133 195
62 31 10.0 259 189
62 61 10.0 93 177
62 93 10.0 350 149
63 32 10.0 298 178
63 64 10.0 203 137
63 94 10.0 334 185
64 33 10.0 233 142
64 63 10.0 297 110
64 65 10.0 208 180
64 95 10.0 186 194
65 34 10.0 240 173
65 64 10.0 241 120
65 66 10.0 218 165
65 96 10.0 226 192
66 35 10.0 161 181
66 65 10.0 285 193
66 67 10.0 283 152
66 97 10.0 223 144
67 36 10.0 233 142
67 66 10.0 253 179
67 68 10.0 368 166
67 98 10.0 210 103
68 37 10.0 358 118
68 67 10.0 221 144
68 69 10.0 318 114
68 99 10.0 281 174
69 38 10.0 231 142
69 68 10.0 246 147
69 70 10.0 407 158
69 100 10.0 329 127
70 39 10.0 385 172
70 69 10.0 231 104
70 71 10.0 231 117
70 101 10.0 397 197
71 40 10.0 299 148
71 70 10.0 353 104
71 72 10.0 293 131
71 102 10.0 333 148
72 41 10.0 430 107
72 71 10.0 238 178
72 73 10.0 315 171
72 103 10.0 260 181
73 42 10.0 332 184
73 72 10.0 359 169
73 74 10.0 301 145
73 104 10.0 396 191
74 43 10.0 303 165
74 73 10.0 388 192
74 75 10.0 345 118
74 105 10.0 302 192
75 44 10.0 377 101
75 74 10.0 286 111
75 76 10.0 339 134
75 106 10.0 344 128
76 45 10.0 383 182
76 75 10.0 363 160
76 77 10.0 401 132
76 107 10.0 274 112
77 46 10.0 364 152
77 76 10.0 389 152
77 78 10.0 351 116
77 108 10.0 389 171
78 47 10.0 247 148
78 77 10.0 385 142
78 79 10.0 322 140
78 109 10.0 449 186
79 48 10.0 408 153
79 78 10.0 272 105
79 80 10.0 245 162
79 110 10.0 343 109
80 49 10.0 307 184
80 79 10.0 345 179
80 81 10.0 436 122
80 111 10.0 366 145
81 50 10.0 250 181
81 80 10.0 405 148
81 82 10.0 429 194
81 112 10.0 358 139
82 51 10.0 288 165
82 81 10.0 263 104
82 83 10.0 403 160
82 113 10.0 301 188
83 52 10.0 341 173
83 82 10.0 249 138
83 84 10.0 309 122
83 114 10.0 327 158
84 53 10.0 280 168
84 83 10.0 238 180
84 85 10.0 300 193
84 115 10.0 309 162
85 54 10.0 466 190
85 84 10.0 286 129
85 86 10.0 176 165
85 116 10.0 303 177
86 55 10.0 319 168
86 85 10.0 335 143
86 87 10.0 261 157
86 117 10.0 211 185
87 56 10.0 327 136
87 86 10.0 276 175
87 88 10.0 221 174
87 118 10.0 353 112
88 57 10.0 172 112
88 87 10.0 317 157
88 89 10.0 300 171
88 119 10.0 258 191
89 58 10.0 263 119
89 88 10.0 171 146
89 90 10.0 312 189
89 120 10.0 200 171
90 59 10.0 269 148
90 89 10.0 244 172
90 91 10.0 231 167
90 121 10.0 203 174
91 60 10.0 249 131
91 90 10.0 240 181
91 92 10.0 199 120
91 122 10.0 305 156
92 61 10.0 170 137
92 91 10.0 141 168
92 93 10.0 176 110
92 123 10.0 281 198
93 62 10.0 251 145
93 92 10.0 283 120
93 124 10.0 293 142
94 63 10.0 305 171
94 95 10.0 210 156
94 125 10.0 392 184
95 64 10.0 294 110
95 94 10.0 271 123
95 96 10.0 164 200
95 126 10.0 264 187
96 65 10.0 196 126
96 95 10.0 378 180
96 97 10.0 211 190
96 127 10.0 159 149
97 66 10.0 244 114
97 96 10.0 303 194
97 98 10.0 276 126
97 128 10.0 182 156
98 67 10.0 333 122
98 97 10.0 292 162
98 99 10.0 232 195
98 129 10.0 245 147
99 68 10.0 335 127
99 98 10.0 337 102
99 100 10.0 233 168
99 130 10.0 286 153
100 69 10.0 243 135
100 99 10.0 310 179
100 101 10.0 320 154
100 131 10.0 270 108
101 70 10.0 186 127
101 100 10.0 299 131
101 102 10.0 365 182
101 132 10.0 402 191
102 71 10.0 404 141
102 101 10.0 287 151
102 103 10.0 267 159
102 133 10.0 350 164
103 72 10.0 299 126
103 102 10.0 317 150
103 104 10.0 356 114
103 134 10.0 251 125
104 73 10.0 356 148
104 103 10.0 408 145
104 105 10.0 327 191
104 135 10.0 315 167
105 74 10.0 198 162
105 104 10.0 291 135
105 106 10.0 329 150
105 136 10.0 360 103
106 75 10.0 374 192
106 105 10.0 385 148
106 107 10.0 373 161
106 137 10.0 290 151
107 76 10.0 432 109
107 106 10.0 310 108
107 108 10.0 443 117
107 138 10.0 265 133
108 77 10.0 323 103
108 107 10.0 379 142
108 109 10.0 500 135
108 139 10.0 435 198
109 78 10.0 301 150
109 108 10.0 345 181
109 110 10.0 429 149
109 140 10.0 488 141
110 79 10.0 386 191
110 109 10.0 275 103
110 111 10.0 457 105
110 141 10.0 284 172
111 80 10.0 356 137
111 110 10.0 237 193
111 112 10.0 398 156
111 142 10.0 428 157
112 81 10.0 402 110
112 111 10.0 270 124
112 113 10.0 410 107
112 143 10.0 459 148
113 82 10.0 300 190
113 112 10.0 309 138
113 114 10.0 452 191
113 144 10.0 332 160
114 83 10.0 313 104
114 113 10.0 281 152
114 115 10.0 361 167
114 145 10.0 477 153
115 84 10.0 195 185
115 114 10.0 351 136
115 116 10.0 249 118
115 146 10.0 477 136
116 85 10.0 299 130
116 115 10.0 304 153
116 117 10.0 273 181
116 147 10.0 305 137
117 86 10.0 393 101
117 116 10.0 240 138
117 118 10.0 268 141
117 148 10.0 296 104
118 87 10.0 339 149
118 117 10.0 350 139
118 119 10.0 286 173
118 149 10.0 300 107
119 88 10.0 253 129
119 118 10.0 264 184
119 120 10.0 213 200
119 150 10.0 322 129
120 89 10.0 260 154
120 119 10.0 265 118
120 121 10.0 226 170
120 151 10.0 227 154
121 90 10.0 219 143
121 120 10.0 226 185
121 122 10.0 292 158
121 152 10.0 194 126
122 91 10.0 247 157
122 121 10.0 217 180
122 123 10.0 214 190
122 153 10.0 278 190
123 92 10.0 162 154
123 122 10.0 196 177
123 124 10.0 203 111
123 154 10.0 296 134
124 93 10.0 293 131
124 123 10.0 195 147
124 155 10.0 351 103
125 94 10.0 282 147
125 126 10.0 283 198
125 156 10.0 358 107
126 95 10.0 223 190
126 125 10.0 239 171
126 127 10.0 359 112
126 157 10.0 312 156
127 96 10.0 207 135
127 126 10.0 225 121
127 128 10.0 286 125
127 158 10.0 299 140
128 97 10.0 267 191
128 127 10.0 236 147
128 129 10.0 314 122
128 159 10.0 322 146
129 98 10.0 314 102
129 128 10.0 324 176
129 130 10.0 240 176
129 160 10.0 254 167
130 99 10.0 368 182
130 129 10.0 273 116
130 131 10.0 214 151
130 161 10.0 259 109
131 100 10.0 292 129
131 130 10.0 380 156
131 132 10.0 255 166
131 162 10.0 306 154
132 101 10.0 236 124
132 131 10.0 349 174
132 133 10.0 420 122
132 163 10.0 300 153
133 102 10.0 295 183
133 132 10.0 290 111
133 134 10.0 417 122
133 164 10.0 294 191
134 103 10.0 257 154
134 133 10.0 352 116
134 135 10.0 321 182
134 165 10.0 388 199
135 104 10.0 346 193
135 134 10.0 347 183
135 136 10.0 367 157
135 166 10.0 409 149
136 105 10.0 210 155
136 135 10.0 415 170
136 137 10.0 378 170
136 167 10.0 407 101
137 106 10.0 439 187
137 136 10.0 369 191
137 138 10.0 320 170
137 168 10.0 433 148
138 107 10.0 511 114
138 137 10.0 486 196
138 139 10.0 355 116
138 169 10.0 272 108
139 108 10.0 323 172
139 138 10.0 511 196
139 140 10.0 379 161
139 170 10.0 417 109
140 109 10.0 363 144
140 139 10.0 335 197
140 141 10.0 578 145
140 171 10.0 300 140
141 110 10.0 382 105
141 140 10.0 304 199
141 142 10.0 421 136
141 172 10.0 378 102
142 111 10.0 294 117
142 141 10.0 369 188
142 143 10.0 376 122
142 173 10.0 447 130
143 112 10.0 475 116
143 142 10.0 343 152
143 144 10.0 310 176
143 174 10.0 397 170
144 113 10.0 424 115
144 143 10.0 384 165
144 145 10.0 322 179
144 175 10.0 291 188
145 114 10.0 301 110
145 144 10.0 361 157
145 146 10.0 354 138
145 176 10.0 450 188
146 115 10.0 299 163
146 145 10.0 326 169
146 147 10.0 553 166
146 177 10.0 347 112
147 116 10.0 383 116
147 146 10.0 289 130
147 148 10.0 453 149
147 178 10.0 377 173
148 117 10.0 360 181
148 147 10.0 253 101
148 149 10.0 469 197
148 179 10.0 252 199
149 118 10.0 368 182
149 148 10.0 305 194
149 150 10.0 281 183
149 180 10.0 432 146
150 119 10.0 246 182
150 149 10.0 211 123
150 151 10.0 398 148
150 181 10.0 361 183
151 120 10.0 292 119
151 150 10.0 314 102
151 152 10.0 328 140
151 182 10.0 233 155
152 121 10.0 306 116
152 151 10.0 245 134
152 153 10.0 261 134
152 183 10.0 310 162
153 122 10.0 161 112
153 152 10.0 339 197
153 154 10.0 254 111
153 184 10.0 282 114
154 123 10.0 223 145
154 153 10.0 230 135
154 155 10.0 265 146
154 185 10.0 297 101
155 124 10.0 345 143
155 154 10.0 267 122
155 186 10.0 418 189
156 125 10.0 290 158
156 157 10.0 427 133
156 187 10.0 384 186
157 126 10.0 374 118
157 156 10.0 319 162
157 158 10.0 377 120
157 188 10.0 198 131
158 127 10.0 234 142
158 157 10.0 258 106
158 159 10.0 374 125
158 189 10.0 292 122
159 128 10.0 297 104
159 158 10.0 238 117
159 160 10.0 399 120
159 190 10.0 366 148
160 129 10.0 290 147
160 159 10.0 268 155
160 161 10.0 348 150
160 191 10.0 277 170
161 130 10.0 213 196
161 160 10.0 235 153
161 162 10.0 346 175
161 192 10.0 349 177
162 131 10.0 409 170
162 161 10.0 205 188
162 163 10.0 292 165
162 193 10.0 395 137
163 132 10.0 365 124
163 162 10.0 316 175
163 164 10.0 351 144
163 194 10.0 266 199
164 133 10.0 184 155
164 163 10.0 297 145
164 165 10.0 406 106
164 195 10.0 362 108
165 134 10.0 292 158
165 164 10.0 330 179
165 166 10.0 283 163
165 196 10.0 403 100
166 135 10.0 450 132
166 165 10.0 292 134
166 167 10.0 345 128
166 197 10.0 287 183
167 136 10.0 317 161
167 166 10.0 323 152
167 168 10.0 512 104
167 198 10.0 358 145
168 137 10.0 458 176
168 167 10.0 306 120
168 169 10.0 410 170
168 199 10.0 514 130
169 138 10.0 535 190
169 168 10.0 376 102
169 170 10.0 289 176
169 200 10.0 380 173
170 139 10.0 510 154
170 169 10.0 554 111
170 171 10.0 364 109
170 201 10.0 280 147
171 140 10.0 383 196
171 170 10.0 446 158
171 172 10.0 376 133
171 202 10.0 446 121
172 141 10.0 277 143
172 171 10.0 544 116
172 173 10.0 348 125
172 203 10.0 471 117
173 142 10.0 359 170
173 172 10.0 454 147
173 174 10.0 387 120
173 204 10.0 383 160
174 143 10.0 300 183
174 173 10.0 394 190
174 175 10.0 462 173
174 205 10.0 429 187
175 144 10.0 407 180
175 174 10.0 379 147
175 176 10.0 334 158
175 206 10.0 349 150
176 145 10.0 290 177
176 175 10.0 359 160
176 177 10.0 389 136
176 207 10.0 371 109
177 146 10.0 411 172
177 176 10.0 303 142
177 178 10.0 330 101
177 208 10.0 397 169
178 147 10.0 383 136
178 177 10.0 299 168
178 179 10.0 394 128
178 209 10.0 419 149
179 148 10.0 284 138
179 178 10.0 377 114
179 180 10.0 323 140
179 210 10.0 351 140
180 149 10.0 367 141
180 179 10.0 320 146
180 181 10.0 346 109
180 211 10.0 404 127
181 150 10.0 302 146
181 180 10.0 307 100
181 182 10.0 433 132
181 212 10.0 219 133
182 151 10.0 293 108
182 181 10.0 263 156
182 183 10.0 338 189
182 213 10.0 339 175
183 152 10.0 259 163
183 182 10.0 307 107
183 184 10.0 244 160
183 214 10.0 286 182
184 153 10.0 290 185
184 183 10.0 227 125
184 185 10.0 230 117
184 215 10.0 334 119
185 154 10.0 203 156
185 184 10.0 297 186
185 186 10.0 322 173
185 216 10.0 281 125
186 155 10.0 417 153
186 185 10.0 304 105
186 217 10.0 420 111
187 156 10.0 414 118
187 188 10.0 357 159
187 218 10.0 335 172
188 157 10.0 280 159
188 187 10.0 262 121
188 189 10.0 346 106
188 219 10.0 280 188
189 158 10.0 242 145
189 188 10.0 365 136
189 190 10.0 305 182
189 220 10.0 369 134
190 159 10.0 354 173
190 189 10.0 351 199
190 191 10.0 353 179
190 221 10.0 337 120
191 160 10.0 290 180
191 190 10.0 331 170
191 192 10.0 349 127
191 222 10.0 294 148
192 161 10.0 343 186
192 191 10.0 377 117
192 193 10.0 253 122
192 223 10.0 361 191
193 162 10.0 296 177
193 192 10.0 352 134
193 194 10.0 317 111
193 224 10.0 350 197
194 163 10.0 412 136
194 193 10.0 357 195
194 195 10.0 255 109
194 225 10.0 366 172
195 164 10.0 295 184
195 194 10.0 521 149
195 196 10.0 386 146
195 226 10.0 310 134
196 165 10.0 216 167
196 195 10.0 396 200
196 197 10.0 409 179
196 227 10.0 449 123
197 166 10.0 354 143
197 196 10.0 407 129
197 198 10.0 363 150
197 228 10.0 357 188
198 167 10.0 416 198
198 197 10.0 451 159
198 199 10.0 317 186
198 229 10.0 394 104
199 168 10.0 329 132
199 198 10.0 428 154
199 200 10.0 474 179
199 230 10.0 410 151
200 169 10.0 354 145
200 199 10.0 466 166
200 201 10.0 447 198
200 231 10.0 375 147
201 170 10.0 556 186
201 200 10.0 334 170
201 202 10.0 399 128
201 232 10.0 366 157
202 171 10.0 416 153
202 201 10.0 415 131
202 203 10.0 342 156
202 233 10.0 475 132
203 172 10.0 470 124
203 202 10.0 413 154
203 204 10.0 425 191
203 234 10.0 325 177
204 173 10.0 374 177
204 203 10.0 333 114
204 205 10.0 466 122
204 235 10.0 361 133
205 174 10.0 421 134
205 204 10.0 265 194
205 206 10.0 397 138
205 236 10.0 436 110
206 175 10.0 337 175
206 205 10.0 390 149
206 207 10.0 347 158
206 237 10.0 359 192
207 176 10.0 327 197
207 206 10.0 387 154
207 208 10.0 358 139
207 238 10.0 345 138
208 177 10.0 410 191
208 207 10.0 288 158
208 209 10.0 483 200
208 239 10.0 318 121
209 178 10.0 409 136
209 208 10.0 372 131
209 210 10.0 340 188
209 240 10.0 424 163
210 179 10.0 363 142
210 209 10.0 349 119
210 211 10.0 303 177
210 241 10.0 343 183
211 180 10.0 379 195
211 210 10.0 413 120
211 212 10.0 346 156
211 242 10.0 260 111
212 181 10.0 282 111
212 211 10.0 394 190
212 213 10.0 273 149
212 243 10.0 284 170
213 182 10.0 290 159
213 212 10.0 359 135
213 214 10.0 275 178
213 244 10.0 348 179
214 183 10.0 222 154
214 213 10.0 313 112
214 215 10.0 218 152
214 245 10.0 357 188
215 184 10.0 260 117
215 214 10.0 309 120
215 216 10.0 251 180
215 246 10.0 289 156
216 185 10.0 262 200
216 215 10.0 233 147
216 217 10.0 366 188
216 247 10.0 224 123
217 186 10.0 419 108
217 216 10.0 212 189
217 248 10.0 540 188
218 187 10.0 400 137
218 219 10.0 165 172
218 249 10.0 415 102
219 188 10.0 342 179
219 218 10.0 291 178
219 220 10.0 247 181
219 250 10.0 264 109
220 189 10.0 217 116
220 219 10.0 281 155
220 221 10.0 349 194
220 251 10.0 355 153
221 190 10.0 383 109
221 220 10.0 296 182
221 222 10.0 262 163
221 252 10.0 367 185
222 191 10.0 274 190
222 221 10.0 279 100
222 223 10.0 362 163
222 253 10.0 282 190
223 192 10.0 257 190
223 222 10.0 296 144
223 224 10.0 447 107
223 254 10.0 395 183
224 193 10.0 286 135
224 223 10.0 348 114
224 225 10.0 384 100
224 255 10.0 440 168
225 194 10.0 289 166
225 224 10.0 370 109
225 226 10.0 326 131
225 256 10.0 408 173
226 195 10.0 479 103
226 225 10.0 314 132
226 227 10.0 313 193
226 257 10.0 313 148
227 196 10.0 297 194
227 226 10.0 355 112
227 228 10.0 458 104
227 258 10.0 397 172
228 197 10.0 347 187
228 227 10.0 388 131
228 229 10.0 384 129
228 259 10.0 367 175
229 198 10.0 362 138
229 228 10.0 289 133
229 230 10.0 512 171
229 260 10.0 339 182
230 199 10.0 332 180
230 229 10.0 332 112
230 231 10.0 566 181
230 261 10.0 497 148
231 200 10.0 426 120
231 230 10.0 406 145
231 232 10.0 512 188
231 262 10.0 383 170
232 201 10.0 490 179
232 231 10.0 379 199
232 233 10.0 425 192
232 263 10.0 379 177
233 202 10.0 464 126
233 232 10.0 400 177
233 234 10.0 521 162
233 264 10.0 383 112
234 203 10.0 478 177
234 233 10.0 251 197
234 235 10.0 467 176
234 265 10.0 393 126
235 204 10.0 458 124
235 234 10.0 295 129
235 236 10.0 374 111
235 266 10.0 473 107
236 205 10.0 307 143
236 235 10.0 448 151
236 237 10.0 350 157
236 267 10.0 458 167
237 206 10.0 328 137
237 236 10.0 378 112
237 238 10.0 345 106
237 268 10.0 406 173
238 207 10.0 412 169
238 237 10.0 334 174
238 239 10.0 367 132
238 269 10.0 307 133
239 208 10.0 344 172
239 238 10.0 302 127
239 240 10.0 313 102
239 270 10.0 446 153
240 209 10.0 310 114
240 239 10.0 368 102
240 241 10.0 450 117
240 271 10.0 355 113
241 210 10.0 304 180
241 240 10.0 314 174
241 242 10.0 379 115
241 272 10.0 382 113
242 211 10.0 303 110
242 241 10.0 247 146
242 243 10.0 351 120
242 273 10.0 376 160
243 212 10.0 315 124
243 242 10.0 361 150
243 244 10.0 279 119
243 274 10.0 342 161
244 213 10.0 339 152
244 243 10.0 298 186
244 245 10.0 300 154
244 275 10.0 419 166
245 214 10.0 245 155
245 244 10.0 302 125
245 246 10.0 339 111
245 276 10.0 384 138
246 215 10.0 313 192
246 245 10.0 382 182
246 247 10.0 265 133
246 277 10.0 299 105
247 216 10.0 335 133
247 246 10.0 312 125
247 248 10.0 252 159
247 278 10.0 317 138
248 217 10.0 371 167
248 247 10.0 434 187
248 279 10.0 376 199
249 218 10.0 367 112
249 250 10.0 369 191
249 280 10.0 327 195
250 219 10.0 416 196
250 249 10.0 271 103
250 251 10.0 284 119
250 281 10.0 364 130
251 220 10.0 275 103
251 250 10.0 386 153
251 252 10.0 294 181
251 282 10.0 400 104
252 221 10.0 300 118
252 251 10.0 351 137
252 253 10.0 328 131
252 283 10.0 356 139
253 222 10.0 339 114
253 252 10.0 420 123
253 254 10.0 264 194
253 284 10.0 319 154
254 223 10.0 342 116
254 253 10.0 393 173
254 255 10.0 240 200
254 285 10.0 331 153
255 224 10.0 272 183
255 254 10.0 368 112
255 256 10.0 333 168
255 286 10.0 390 100
256 225 10.0 330 156
256 255 10.0 349 128
256 257 10.0 501 124
256 287 10.0 449 106
257 226 10.0 436 142
257 256 10.0 424 190
257 258 10.0 396 182
257 288 10.0 298 123
258 227 10.0 329 109
258 257 10.0 365 189
258 259 10.0 401 173
258 289 10.0 419 157
259 228 10.0 383 173
259 258 10.0 350 185
259 260 10.0 480 188
259 290 10.0 346 146
260 229 10.0 394 116
260 259 10.0 342 165
260 261 10.0 358 184
260 291 10.0 504 196
261 230 10.0 413 130
261 260 10.0 435 102
261 262 10.0 395 171
261 292 10.0 370 142
262 231 10.0 390 188
262 261 10.0 440 144
262 263 10.0 445 167
262 293 10.0 366 143
263 232 10.0 371 104
263 262 10.0 403 179
263 264 10.0 486 165
263 294 10.0 273 168
264 233 10.0 363 130
264 263 10.0 341 154
264 265 10.0 436 179
264 295 10.0 433 200
265 234 10.0 464 112
265 264 10.0 468 124
265 266 10.0 289 199
265 296 10.0 420 102
266 235 10.0 331 147
266 265 10.0 449 105
266 267 10.0 429 169
266 297 10.0 326 107
267 236 10.0 389 168
267 266 10.0 309 148
267 268 10.0 359 166
267 298 10.0 548 176
268 237 10.0 403 158
268 267 10.0 409 116
268 269 10.0 368 170
268 299 10.0 339 176
269 238 10.0 416 107
269 268 10.0 423 173
269 270 10.0 328 123
269 300 10.0 362 159
270 239 10.0 358 130
270 269 10.0 510 160
270 271 10.0 352 198
270 301 10.0 299 126
271 240 10.0 429 173
271 270 10.0 347 159
271 272 10.0 299 196
271 302 10.0 414 166
272 241 10.0 355 110
272 271 10.0 384 162
272 273 10.0 295 187
272 303 10.0 385 179
273 242 10.0 325 191
273 272 10.0 417 147
273 274 10.0 388 170
273 304 10.0 320 128
274 243 10.0 353 102
274 273 10.0 415 159
274 275 10.0 365 130
274 305 10.0 294 167
275 244 10.0 351 172
275 274 10.0 346 113
275 276 10.0 266 168
275 306 10.0 407 194
276 245 10.0 252 114
276 275 10.0 316 152
276 277 10.0 339 114
276 307 10.0 317 113
277 246 10.0 366 101
277 276 10.0 244 112
277 278 10.0 338 147
277 308 10.0 393 174
278 247 10.0 287 174
278 277 10.0 314 169
278 279 10.0 347 104
278 309 10.0 331 193
279 248 10.0 386 117
279 278 10.0 312 154
279 310 10.0 383 175
280 249 10.0 371 185
280 281 10.0 396 103
280 311 10.0 314 123
281 250 10.0 361 145
281 280 10.0 374 182
281 282 10.0 324 149
281 312 10.0 396 129
282 251 10.0 358 192
282 281 10.0 331 191
282 283 10.0 309 136
282 313 10.0 453 188
283 252 10.0 278 112
283 282 10.0 451 175
283 284 10.0 386 123
283 314 10.0 276 197
284 253 10.0 323 117
284 283 10.0 362 200
284 285 10.0 379 190
284 315 10.0 281 193
285 254 10.0 306 127
285 284 10.0 329 157
285 286 10.0 395 146
285 316 10.0 309 165
286 255 10.0 340 184
286 285 10.0 355 165
286 287 10.0 264 152
286 317 10.0 484 153
287 256 10.0 402 159
287 286 10.0 279 194
287 288 10.0 421 119
287 318 10.0 372 164
288 257 10.0 414 150
288 287 10.0 303 112
288 289 10.0 387 136
288 319 10.0 305 116
289 258 10.0 399 150
289 288 10.0 320 150
289 290 10.0 390 187
289 320 10.0 445 200
290 259 10.0 449 160
290 289 10.0 468 162
290 291 10.0 280 196
290 321 10.0 389 108
291 260 10.0 323 103
291 290 10.0 417 158
291 292 10.0 515 106
291 322 10.0 348 135
292 261 10.0 342 164
292 291 10.0 417 102
292 293 10.0 375 130
292 323 10.0 440 136
293 262 10.0 446 181
293 292 10.0 338 134
293 294 10.0 446 107
293 324 10.0 391 107
294 263 10.0 378 153
294 293 10.0 445 165
294 295 10.0 339 127
294 325 10.0 370 132
295 264 10.0 247 128
295 294 10.0 387 139
295 296 10.0 417 177
295 326 10.0 440 191
296 265 10.0 371 130
296 295 10.0 415 197
296 297 10.0 398 127
296 327 10.0 446 157
297 266 10.0 451 147
297 296 10.0 360 114
297 298 10.0 408 150
297 328 10.0 450 122
298 267 10.0 306 126
298 297 10.0 474 132
298 299 10.0 425 102
298 329 10.0 578 191
299 268 10.0 344 151
299 298 10.0 480 137
299 300 10.0 424 172
299 330 10.0 370 160
300 269 10.0 367 193
300 299 10.0 255 102
300 301 10.0 414 180
300 331 10.0 476 152
301 270 10.0 386 146
301 300 10.0 373 172
301 302 10.0 327 181
301 332 10.0 449 190
302 271 10.0 404 197
302 301 10.0 404 106
302 303 10.0 342 105
302 333 10.0 365 162
303 272 10.0 313 171
303 302 10.0 427 169
303 304 10.0 382 169
303 334 10.0 297 157
304 273 10.0 372 183
304 303 10.0 275 152
304 305 10.0 271 160
304 335 10.0 325 143
305 274 10.0 344 119
305 304 10.0 334 188
305 306 10.0 303 115
305 336 10.0 260 173
306 275 10.0 263 174
306 305 10.0 318 105
306 307 10.0 453 162
306 337 10.0 305 122
307 276 10.0 358 184
307 306 10.0 352 137
307 308 10.0 406 130
307 338 10.0 375 155
308 277 10.0 364 137
308 307 10.0 209 186
308 309 10.0 363 182
308 339 10.0 436 200
309 278 10.0 317 135
309 308 10.0 284 132
309 310 10.0 235 188
309 340 10.0 391 200
310 279 10.0 381 133
310 309 10.0 251 165
310 341 10.0 389 167
311 280 10.0 330 134
311 312 10.0 363 183
311 342 10.0 414 130
312 281 10.0 361 155
312 311 10.0 316 171
312 313 10.0 357 146
312 343 10.0 384 177
313 282 10.0 264 100
313 312 10.0 389 133
313 314 10.0 533 155
313 344 10.0 365 168
314 283 10.0 424 192
314 313 10.0 317 172
314 315 10.0 383 158
314 345 10.0 340 136
315 284 10.0 309 101
315 314 10.0 336 151
315 316 10.0 374 109
315 346 10.0 344 196
316 285 10.0 253 120
316 315 10.0 379 102
316 317 10.0 378 179
316 347 10.0 416 123
317 286 10.0 365 194
317 316 10.0 401 171
317 318 10.0 351 122
317 348 10.0 500 101
318 287 10.0 464 126
318 317 10.0 454 162
318 319 10.0 372 118
318 349 10.0 316 135
319 288 10.0 352 136
319 318 10.0 373 125
319 320 10.0 407 100
319 350 10.0 308 185
320 289 10.0 353 133
320 319 10.0 312 163
320 321 10.0 457 174
320 351 10.0 430 107
321 290 10.0 427 152
321 320 10.0 330 148
321 322 10.0 416 144
321 352 10.0 534 139
322 291 10.0 424 196
322 321 10.0 448 109
322 323 10.0 523 127
322 353 10.0 264 196
323 292 10.0 326 157
323 322 10.0 430 185
323 324 10.0 446 185
323 354 10.0 415 189
324 293 10.0 387 145
324 323 10.0 410 183
324 325 10.0 397 114
324 355 10.0 419 159
325 294 10.0 445 198
325 324 10.0 476 195
325 326 10.0 347 137
325 356 10.0 350 102
326 295 10.0 287 157
326 325 10.0 526 109
326 327 10.0 360 193
326 357 10.0 419 137
327 296 10.0 432 198
327 326 10.0 400 147
327 328 10.0 393 101
327 358 10.0 403 154
328 297 10.0 472 176
328 327 10.0 405 130
328 329 10.0 308 103
328 359 10.0 454 171
329 298 10.0 345 183
329 328 10.0 482 103
329 330 10.0 391 108
329 360 10.0 468 100
330 299 10.0 551 189
330 329 10.0 398 162
330 331 10.0 340 112
330 361 10.0 444 164
331 300 10.0 364 122
331 330 10.0 471 151
331 332 10.0 438 121
331 362 10.0 372 146
332 301 10.0 394 166
332 331 10.0 419 196
332 333 10.0 351 141
332 363 10.0 395 127
333 302 10.0 377 111
333 332 10.0 384 191
333 334 10.0 352 101
333 364 10.0 304 185
334 303 10.0 390 160
334 333 10.0 345 114
334 335 10.0 329 192
334 365 10.0 319 137
335 304 10.0 216 163
335 334 10.0 246 131
335 336 10.0 278 104
335 366 10.0 436 153
336 305 10.0 379 122
336 335 10.0 213 105
336 337 10.0 328 172
336 367 10.0 331 112
337 306 10.0 253 166
337 336 10.0 378 101
337 338 10.0 459 167
337 368 10.0 253 131
338 307 10.0 499 179
338 337 10.0 254 120
338 339 10.0 384 171
338 369 10.0 312 141
339 308 10.0 311 200
339 338 10.0 248 131
339 340 10.0 356 185
339 370 10.0 419 133
340 309 10.0 279 148
340 339 10.0 301 101
340 341 10.0 369 195
340 371 10.0 394 137
341 310 10.0 397 113
341 340 10.0 314 119
341 372 10.0 467 174
342 311 10.0 461 111
342 343 10.0 383 154
342 373 10.0 339 140
343 312 10.0 297 126
343 342 10.0 289 109
343 344 10.0 270 178
343 374 10.0 449 112
344 313 10.0 396 190
344 343 10.0 335 168
344 345 10.0 384 161
344 375 10.0 269 195
345 314 10.0 383 133
345 344 10.0 291 170
345 346 10.0 318 162
345 376 10.0 418 165
346 315 10.0 312 149
346 345 10.0 344 100
346 347 10.0 346 188
346 377 10.0 357 119
347 316 10.0 351 146
347 346 10.0 402 139
347 348 10.0 275 187
347 378 10.0 364 152
348 317 10.0 315 120
348 347 10.0 321 175
348 349 10.0 514 156
348 379 10.0 402 148
349 318 10.0 462 149
349 348 10.0 285 197
349 350 10.0 537 152
349 380 10.0 408 146
350 319 10.0 458 111
350 349 10.0 497 120
350 351 10.0 405 174
350 381 10.0 395 113
351 320 10.0 407 175
351 350 10.0 475 162
351 352 10.0 379 106
351 382 10.0 437 157
352 321 10.0 425 169
352 351 10.0 536 102
352 353 10.0 446 198
352 383 10.0 426 137
353 322 10.0 465 123
353 352 10.0 434 184
353 354 10.0 342 103
353 384 10.0 396 166
354 323 10.0 239 153
354 353 10.0 481 161
354 355 10.0 487 119
354 385 10.0 400 125
355 324 10.0 362 106
355 354 10.0 483 172
355 356 10.0 417 178
355 386 10.0 504 147
356 325 10.0 335 138
356 355 10.0 418 126
356 357 10.0 410 189
356 387 10.0 391 176
357 326 10.0 369 130
357 356 10.0 363 161
357 358 10.0 423 107
357 388 10.0 534 113
358 327 10.0 429 105
358 357 10.0 444 154
358 359 10.0 454 162
358 389 10.0 465 100
359 328 10.0 344 185
359 358 10.0 489 149
359 360 10.0 340 121
359 390 10.0 489 127
360 329 10.0 383 174
360 359 10.0 400 200
360 361 10.0 366 134
360 391 10.0 387 141
361 330 10.0 511 108
361 360 10.0 323 117
361 362 10.0 353 110
361 392 10.0 475 121
362 331 10.0 393 142
362 361 10.0 448 186
362 363 10.0 357 155
362 393 10.0 346 109
363 332 10.0 282 179
363 362 10.0 408 188
363 364 10.0 398 136
363 394 10.0 307 100
364 333 10.0 336 115
364 363 10.0 364 168
364 365 10.0 428 135
364 395 10.0 307 183
365 334 10.0 490 165
365 364 10.0 340 144
365 366 10.0 319 190
365 396 10.0 325 192
366 335 10.0 300 152
366 365 10.0 362 100
366 367 10.0 367 113
366 397 10.0 399 123
367 336 10.0 334 148
367 366 10.0 319 115
367 368 10.0 466 163
367 398 10.0 296 182
368 337 10.0 461 163
368 367 10.0 327 182
368 369 10.0 388 158
368 399 10.0 335 134
369 338 10.0 395 154
369 368 10.0 393 169
369 370 10.0 266 168
369 400 10.0 472 123
370 339 10.0 231 152
370 369 10.0 472 126
370 371 10.0 332 164
370 401 10.0 341 180
371 340 10.0 329 106
371 370 10.0 364 161
371 372 10.0 375 191
371 402 10.0 343 126
372 341 10.0 428 171
372 371 10.0 471 187
372 403 10.0 391 161
373 342 10.0 504 159
373 374 10.0 308 133
373 404 10.0 357 187
374 343 10.0 202 169
374 373 10.0 446 167
374 375 10.0 402 127
374 405 10.0 389 125
375 344 10.0 391 200
375 374 10.0 342 178
375 376 10.0 288 104
375 406 10.0 286 157
376 345 10.0 313 151
376 375 10.0 322 115
376 377 10.0 409 166
376 407 10.0 449 148
377 346 10.0 293 110
377 376 10.0 436 114
377 378 10.0 434 198
377 408 10.0 341 114
378 347 10.0 312 100
378 377 10.0 301 157
378 379 10.0 454 114
378 409 10.0 474 162
379 348 10.0 489 147
379 378 10.0 358 194
379 380 10.0 373 110
379 410 10.0 421 163
380 349 10.0 345 149
380 379 10.0 468 164
380 381 10.0 415 155
380 411 10.0 414 120
381 350 10.0 376 160
381 380 10.0 441 198
381 382 10.0 419 124
381 412 10.0 356 126
382 351 10.0 349 167
382 381 10.0 371 139
382 383 10.0 384 134
382 413 10.0 454 145
383 352 10.0 470 197
383 382 10.0 341 195
383 384 10.0 359 121
383 414 10.0 400 156
384 353 10.0 451 118
384 383 10.0 323 102
384 385 10.0 362 148
384 415 10.0 335 136
385 354 10.0 366 160
385 384 10.0 326 179
385 386 10.0 501 118
385 416 10.0 367 111
386 355 10.0 450 100
386 385 10.0 360 186
386 387 10.0 626 147
386 417 10.0 309 167
387 356 10.0 427 110
387 386 10.0 327 181
387 388 10.0 491 168
387 418 10.0 491 122
388 357 10.0 406 186
388 387 10.0 426 112
388 389 10.0 384 104
388 419 10.0 524 145
389 358 10.0 497 127
389 388 10.0 407 197
389 390 10.0 388 171
389 420 10.0 419 100
390 359 10.0 382 131
390 389 10.0 421 197
390 391 10.0 520 169
390 421 10.0 398 158
391 360 10.0 375 119
391 390 10.0 328 185
391 392 10.0 515 139
391 422 10.0 471 101
392 361 10.0 404 144
392 391 10.0 321 150
392 393 10.0 584 164
392 423 10.0 413 111
393 362 10.0 384 193
393 392 10.0 337 188
393 394 10.0 438 128
393 424 10.0 427 104
394 363 10.0 277 111
394 393 10.0 333 105
394 395 10.0 548 130
394 425 10.0 354 107
395 364 10.0 473 175
395 394 10.0 391 100
395 396 10.0 306 122
395 426 10.0 427 121
396 365 10.0 338 136
396 395 10.0 385 140
396 397 10.0 326 186
396 427 10.0 298 182
397 366 10.0 352 169
397 396 10.0 388 129
397 398 10.0 339 142
397 428 10.0 324 199
398 367 10.0 419 120
398 397 10.0 319 142
398 399 10.0 390 113
398 429 10.0 282 200
399 368 10.0 413 137
399 398 10.0 386 134
399 400 10.0 407 194
399 430 10.0 375 138
400 369 10.0 351 185
400 399 10.0 429 196
400 401 10.0 358 156
400 431 10.0 452 185
401 370 10.0 334 191
401 400 10.0 320 163
401 402 10.0 427 167
401 432 10.0 366 155
402 371 10.0 278 161
402 401 10.0 350 170
402 403 10.0 449 137
402 433 10.0 368 121
403 372 10.0 446 125
403 402 10.0 336 116
403 434 10.0 450 145
404 373 10.0 330 123
404 405 10.0 411 119
404 435 10.0 403 148
405 374 10.0 343 181
405 404 10.0 354 131
405 406 10.0 361 146
405 436 10.0 300 174
406 375 10.0 370 148
406 405 10.0 255 182
406 407 10.0 376 168
406 437 10.0 293 116
407 376 10.0 382 153
407 406 10.0 322 160
407 408 10.0 409 138
407 438 10.0 455 177
408 377 10.0 425 181
408 407 10.0 387 196
408 409 10.0 386 159
408 439 10.0 394 162
409 378 10.0 378 192
409 408 10.0 455 124
409 410 10.0 376 172
409 440 10.0 364 181
410 379 10.0 355 139
410 409 10.0 413 131
410 411 10.0 308 180
410 441 10.0 500 175
411 380 10.0 441 119
411 410 10.0 405 180
411 412 10.0 346 137
411 442 10.0 438 100
412 381 10.0 414 166
412 411 10.0 395 155
412 413 10.0 362 191
412 443 10.0 437 121
413 382 10.0 346 118
413 412 10.0 365 122
413 414 10.0 439 129
413 444 10.0 543 125
414 383 10.0 447 199
414 413 10.0 469 163
414 415 10.0 498 134
414 445 10.0 360 106
415 384 10.0 376 158
415 414 10.0 428 157
415 416 10.0 420 147
415 446 10.0 457 149
416 385 10.0 452 178
416 415 10.0 481 176
416 417 10.0 346 189
416 447 10.0 397 193
417 386 10.0 377 200
417 416 10.0 457 195
417 418 10.0 427 116
417 448 10.0 441 105
418 387 10.0 382 146
418 417 10.0 550 161
418 419 10.0 428 107
418 449 10.0 500 139
419 388 10.0 277 141
419 418 10.0 576 192
419 420 10.0 465 197
419 450 10.0 461 101
420 389 10.0 486 104
420 419 10.0 426 156
420 421 10.0 507 147
420 451 10.0 283 152
421 390 10.0 514 182
421 420 10.0 357 182
421 422 10.0 368 151
421 452 10.0 433 134
422 391 10.0 449 161
422 421 10.0 374 117
422 423 10.0 419 130
422 453 10.0 411 159
423 392 10.0 373 119
423 422 10.0 375 121
423 424 10.0 414 130
423 454 10.0 520 144
424 393 10.0 351 126
424 423 10.0 387 181
424 425 10.0 440 108
424 455 10.0 356 175
425 394 10.0 383 165
425 424 10.0 423 149
425 426 10.0 450 156
425 456 10.0 339 152
426 395 10.0 355 160
426 425 10.0 386 162
426 427 10.0 419 185
426 457 10.0 434 140
427 396 10.0 349 121
427 426 10.0 361 168
427 428 10.0 408 197
427 458 10.0 351 106
428 397 10.0 346 140
428 427 10.0 291 147
428 429 10.0 391 123
428 459 10.0 385 160
429 398 10.0 390 108
429 428 10.0 275 157
429 430 10.0 475 109
429 460 10.0 357 164
430 399 10.0 394 102
430 429 10.0 391 172
430 431 10.0 374 176
430 461 10.0 473 182
431 400 10.0 380 115
431 430 10.0 392 106
431 432 10.0 472 140
431 462 10.0 340 186
432 401 10.0 387 104
432 431 10.0 355 198
432 433 10.0 334 108
432 463 10.0 476 121
433 402 10.0 351 127
433 432 10.0 403 111
433 434 10.0 337 155
433 464 10.0 336 105
434 403 10.0 393 119
434 433 10.0 459 120
434 465 10.0 406 156
435 404 10.0 413 136
435 436 10.0 371 156
435 466 10.0 357 121
436 405 10.0 317 184
436 435 10.0 313 104
436 437 10.0 381 122
436 467 10.0 338 127
437 406 10.0 335 135
437 436 10.0 329 174
437 438 10.0 388 113
437 468 10.0 370 143
438 407 10.0 346 178
438 437 10.0 427 199
438 439 10.0 324 137
438 469 10.0 540 142
439 408 10.0 406 142
439 438 10.0 424 163
439 440 10.0 329 163
439 470 10.0 467 135
440 409 10.0 306 103
440 439 10.0 555 111
440 441 10.0 327 180
440 471 10.0 340 187
441 410 10.0 368 100
441 440 10.0 460 169
441 442 10.0 341 190
441 472 10.0 476 153
442 411 10.0 505 159
442 441 10.0 398 141
442 443 10.0 352 110
442 473 10.0 510 155
443 412 10.0 529 192
443 442 10.0 548 163
443 444 10.0 415 115
443 474 10.0 315 136
444 413 10.0 393 160
444 443 10.0 585 185
444 445 10.0 400 149
444 475 10.0 567 149
445 414 10.0 510 197
445 444 10.0 551 186
445 446 10.0 491 113
445 476 10.0 280 142
446 415 10.0 385 104
446 445 10.0 591 190
446 447 10.0 480 142
446 477 10.0 496 133
447 416 10.0 428 118
447 446 10.0 529 195
447 448 10.0 430 145
447 478 10.0 491 114
448 417 10.0 459 125
448 447 10.0 468 194
448 449 10.0 422 132
448 479 10.0 397 200
449 418 10.0 384 122
449 448 10.0 511 173
449 450 10.0 485 107
449 480 10.0 470 129
450 419 10.0 424 192
450 449 10.0 510 157
450 451 10.0 419 132
450 481 10.0 450 114
451 420 10.0 468 104
451 450 10.0 362 182
451 452 10.0 437 140
451 482 10.0 383 131
452 421 10.0 397 198
452 451 10.0 431 117
452 453 10.0 357 196
452 483 10.0 461 113
453 422 10.0 450 169
453 452 10.0 481 148
453 454 10.0 340 179
453 484 10.0 444 106
454 423 10.0 479 176
454 453 10.0 449 122
454 455 10.0 450 181
454 485 10.0 426 144
455 424 10.0 251 194
455 454 10.0 434 147
455 456 10.0 459 120
455 486 10.0 345 196
456 425 10.0 375 136
456 455 10.0 315 101
456 457 10.0 358 132
456 487 10.0 450 142
457 426 10.0 348 139
457 456 10.0 373 188
457 458 10.0 383 198
457 488 10.0 389 171
458 427 10.0 447 147
458 457 10.0 311 127
458 459 10.0 450 147
458 489 10.0 330 167
459 428 10.0 430 137
459 458 10.0 342 100
459 460 10.0 434 128
459 490 10.0 426 123
460 429 10.0 421 157
460 459 10.0 430 143
460 461 10.0 419 136
460 491 10.0 344 101
461 430 10.0 358 126
461 460 10.0 468 100
461 462 10.0 398 141
461 492 10.0 479 160
462 431 10.0 445 184
462 461 10.0 428 148
462 463 10.0 272 163
462 493 10.0 410 158
463 432 10.0 338 154
463 462 10.0 448 187
463 464 10.0 328 164
463 494 10.0 379 177
464 433 10.0 350 102
464 463 10.0 391 153
464 465 10.0 371 183
464 495 10.0 245 167
465 434 10.0 407 103
465 464 10.0 294 121
465 496 10.0 440 191
466 435 10.0 434 155
466 467 10.0 331 169
466 497 10.0 389 120
467 436 10.0 346 155
467 466 10.0 392 108
467 468 10.0 297 106
467 498 10.0 413 180
468 437 10.0 307 146
468 467 10.0 419 131
468 469 10.0 409 198
468 499 10.0 328 108
469 438 10.0 399 114
469 468 10.0 434 163
469 470 10.0 435 145
469 500 10.0 459 181
470 439 10.0 356 144
470 469 10.0 330 193
470 471 10.0 433 200
470 501 10.0 365 175
471 440 10.0 369 109
471 470 10.0 356 103
471 472 10.0 436 136
471 502 10.0 373 106
472 441 10.0 432 194
472 471 10.0 368 113
472 473 10.0 479 101
472 503 10.0 320 134
473 442 10.0 400 195
473 472 10.0 386 132
473 474 10.0 439 124
473 504 10.0 415 122
474 443 10.0 475 119
474 473 10.0 307 136
474 475 10.0 427 125
474 505 10.0 464 184
475 444 10.0 409 193
475 474 10.0 424 148
475 476 10.0 415 105
475 506 10.0 510 103
476 445 10.0 543 142
476 475 10.0 396 177
476 477 10.0 219 173
476 507 10.0 423 100
477 446 10.0 426 141
477 476 10.0 405 102
477 478 10.0 460 149
477 508 10.0 368 141
478 447 10.0 535 142
478 477 10.0 491 124
478 479 10.0 407 164
478 509 10.0 451 176
479 448 10.0 431 187
479 478 10.0 537 139
479 480 10.0 507 175
479 510 10.0 363 195
480 449 10.0 420 115
480 479 10.0 515 186
480 481 10.0 500 132
480 511 10.0 512 178
481 450 10.0 528 131
481 480 10.0 528 122
481 482 10.0 547 110
481 512 10.0 362 194
482 451 10.0 522 180
482 481 10.0 474 173
482 483 10.0 439 153
482 513 10.0 384 196
483 452 10.0 308 177
483 482 10.0 526 186
483 484 10.0 466 155
483 514 10.0 568 185
484 453 10.0 404 153
484 483 10.0 536 105
484 485 10.0 394 156
484 515 10.0 373 163
485 454 10.0 447 138
485 484 10.0 435 122
485 486 10.0 370 106
485 516 10.0 428 153
486 455 10.0 367 103
486 485 10.0 346 151
486 487 10.0 280 179
486 517 10.0 485 139
487 456 10.0 329 137
487 486 10.0 407 158
487 488 10.0 404 158
487 518 10.0 399 197
488 457 10.0 369 105
488 487 10.0 356 100
488 489 10.0 522 154
488 519 10.0 393 130
489 458 10.0 467 195
489 488 10.0 453 196
489 490 10.0 203 121
489 520 10.0 449 143
490 459 10.0 366 101
490 489 10.0 390 118
490 491 10.0 406 193
490 521 10.0 292 184
491 460 10.0 367 106
491 490 10.0 364 165
491 492 10.0 328 133
491 522 10.0 491 172
492 461 10.0 377 160
492 491 10.0 431 132
492 493 10.0 338 143
492 523 10.0 379 158
493 462 10.0 374 170
493 492 10.0 306 167
493 494 10.0 387 155
493 524 10.0 440 127
494 463 10.0 359 164
494 493 10.0 390 160
494 495 10.0 326 103
494 525 10.0 383 191
495 464 10.0 370 145
495 494 10.0 289 124
495 496 10.0 335 138
495 526 10.0 314 160
496 465 10.0 400 176
496 495 10.0 410 114
496 527 10.0 337 149
497 466 10.0 389 162
497 498 10.0 342 168
497 528 10.0 470 167
498 467 10.0 340 190
498 497 10.0 341 104
498 499 10.0 369 176
498 529 10.0 280 104
499 468 10.0 364 158
499 498 10.0 256 113
499 500 10.0 479 156
499 530 10.0 402 169
500 469 10.0 439 182
500 499 10.0 413 114
500 501 10.0 375 147
500 531 10.0 456 188
501 470 10.0 234 172
501 500 10.0 455 189
501 502 10.0 342 176
501 532 10.0 466 156
502 471 10.0 371 129
502 501 10.0 346 184
502 503 10.0 446 144
502 533 10.0 411 166
503 472 10.0 318 105
503 502 10.0 436 110
503 504 10.0 313 142
503 534 10.0 548 105
504 473 10.0 399 116
504 503 10.0 454 154
504 505 10.0 398 173
504 535 10.0 428 139
505 474 10.0 508 185
505 504 10.0 461 195
505 506 10.0 362 166
505 536 10.0 482 115
506 475 10.0 406 152
506 505 10.0 510 125
506 507 10.0 387 132
506 537 10.0 500 161
507 476 10.0 465 128
507 506 10.0 550 129
507 508 10.0 446 154
507 538 10.0 334 158
508 477 10.0 432 181
508 507 10.0 512 118
508 509 10.0 379 124
508 539 10.0 458 144
509 478 10.0 389 180
509 508 10.0 516 137
509 510 10.0 461 171
509 540 10.0 473 169
510 479 10.0 528 194
510 509 10.0 509 152
510 511 10.0 483 146
510 541 10.0 477 109
511 480 10.0 453 111
511 510 10.0 462 101
511 512 10.0 499 151
511 542 10.0 507 191
512 481 10.0 529 118
512 511 10.0 374 165
512 513 10.0 495 186
512 543 10.0 391 194
513 482 10.0 385 179
513 512 10.0 421 132
513 514 10.0 477 105
513 544 10.0 438 121
514 483 10.0 429 126
514 513 10.0 457 187
514 515 10.0 390 115
514 545 10.0 606 198
515 484 10.0 362 159
515 514 10.0 450 111
515 516 10.0 576 181
515 546 10.0 266 149
516 485 10.0 510 157
516 515 10.0 455 185
516 517 10.0 496 140
516 547 10.0 403 139
517 486 10.0 356 192
517 516 10.0 395 100
517 518 10.0 525 130
517 548 10.0 413 168
518 487 10.0 450 127
518 517 10.0 387 109
518 519 10.0 417 159
518 549 10.0 453 141
519 488 10.0 389 184
519 518 10.0 468 177
519 520 10.0 369 112
519 550 10.0 297 171
520 489 10.0 357 179
520 519 10.0 398 179
520 521 10.0 508 111
520 551 10.0 348 102
521 490 10.0 440 200
521 520 10.0 342 195
521 522 10.0 469 140
521 552 10.0 289 156
522 491 10.0 404 114
522 521 10.0 315 188
522 523 10.0 462 130
522 553 10.0 576 128
523 492 10.0 412 111
523 522 10.0 466 164
523 524 10.0 340 187
523 554 10.0 396 189
524 493 10.0 419 135
524 523 10.0 385 127
524 525 10.0 365 145
524 555 10.0 405 101
525 494 10.0 416 152
525 524 10.0 373 170
525 526 10.0 366 156
525 556 10.0 361 196
526 495 10.0 326 124
526 525 10.0 365 186
526 527 10.0 354 121
526 557 10.0 268 106
527 496 10.0 397 182
527 526 10.0 347 158
527 558 10.0 402 172
528 497 10.0 454 170
528 529 10.0 323 144
528 559 10.0 455 184
529 498 10.0 360 115
529 528 10.0 292 129
529 530 10.0 325 119
529 560 10.0 387 154
530 499 10.0 400 133
530 529 10.0 385 183
530 531 10.0 323 103
530 561 10.0 338 150
531 500 10.0 341 123
531 530 10.0 410 162
531 532 10.0 324 199
531 562 10.0 419 122
532 501 10.0 404 200
532 531 10.0 368 123
532 533 10.0 499 144
532 563 10.0 382 199
533 502 10.0 446 146
533 532 10.0 341 178
533 534 10.0 351 128
533 564 10.0 435 127
534 503 10.0 373 176
534 533 10.0 291 162
534 535 10.0 416 154
534 565 10.0 500 156
535 504 10.0 481 135
535 534 10.0 355 119
535 536 10.0 437 181
535 566 10.0 304 151
536 505 10.0 413 134
536 535 10.0 351 187
536 537 10.0 393 172
536 567 10.0 527 142
537 506 10.0 377 193
537 536 10.0 368 147
537 538 10.0 490 167
537 568 10.0 359 100
538 507 10.0 488 122
538 537 10.0 423 123
538 539 10.0 430 124
538 569 10.0 430 121
539 508 10.0 456 127
539 538 10.0 446 105
539 540 10.0 426 143
539 570 10.0 378 118
540 509 10.0 488 195
540 539 10.0 416 154
540 541 10.0 366 138
540 571 10.0 431 103
541 510 10.0 600 159
541 540 10.0 424 180
541 542 10.0 556 160
541 572 10.0 400 184
542 511 10.0 504 132
542 541 10.0 412 179
542 543 10.0 524 118
542 573 10.0 537 187
543 512 10.0 541 111
543 542 10.0 465 104
543 544 10.0 370 162
543 574 10.0 401 160
544 513 10.0 380 178
544 543 10.0 399 200
544 545 10.0 368 185
544 575 10.0 531 173
545 514 10.0 360 152
545 544 10.0 492 102
545 546 10.0 514 152
545 576 10.0 457 110
546 515 10.0 474 170
546 545 10.0 398 163
546 547 10.0 464 106
546 577 10.0 378 166
547 516 10.0 467 148
547 546 10.0 458 157
547 548 10.0 488 186
547 578 10.0 399 153
548 517 10.0 325 151
548 547 10.0 573 184
548 549 10.0 400 146
548 579 10.0 433 159
549 518 10.0 312 152
549 548 10.0 412 115
549 550 10.0 442 164
549 580 10.0 432 164
550 519 10.0 266 105
550 549 10.0 358 185
550 551 10.0 395 190
550 581 10.0 435 192
551 520 10.0 484 115
551 550 10.0 388 128
551 552 10.0 358 185
551 582 10.0 390 161
552 521 10.0 453 150
552 551 10.0 405 175
552 553 10.0 397 109
552 583 10.0 278 148
553 522 10.0 328 163
553 552 10.0 607 175
553 554 10.0 442 164
553 584 10.0 315 139
554 523 10.0 331 190
554 553 10.0 284 127
554 555 10.0 404 179
554 585 10.0 498 171
555 524 10.0 421 130
555 554 10.0 406 197
555 556 10.0 420 142
555 586 10.0 237 186
556 525 10.0 366 160
556 555 10.0 263 143
556 557 10.0 361 193
556 587 10.0 362 134
557 526 10.0 310 142
557 556 10.0 245 173
557 558 10.0 467 118
557 588 10.0 288 108
558 527 10.0 439 153
558 557 10.0 277 138
558 589 10.0 500 127
559 528 10.0 482 183
559 560 10.0 493 124
559 590 10.0 411 168
560 529 10.0 366 186
560 559 10.0 381 151
560 561 10.0 429 162
560 591 10.0 281 168
561 530 10.0 309 195
561 560 10.0 344 130
561 562 10.0 444 194
561 592 10.0 413 145
562 531 10.0 338 197
562 561 10.0 379 195
562 563 10.0 352 159
562 593 10.0 381 107
563 532 10.0 592 183
563 562 10.0 304 128
563 564 10.0 371 119
563 594 10.0 386 121
564 533 10.0 350 111
564 563 10.0 397 194
564 565 10.0 438 124
564 595 10.0 399 145
565 534 10.0 335 141
565 564 10.0 380 117
565 566 10.0 526 174
565 596 10.0 453 157
566 535 10.0 413 155
566 565 10.0 307 178
566 567 10.0 321 142
566 597 10.0 384 103
567 536 10.0 410 150
567 566 10.0 339 173
567 568 10.0 390 131
567 598 10.0 454 180
568 537 10.0 283 178
568 567 10.0 385 154
568 569 10.0 531 110
568 599 10.0 363 187
569 538 10.0 512 196
569 568 10.0 321 127
569 570 10.0 490 198
569 600 10.0 472 168
570 539 10.0 415 135
570 569 10.0 383 108
570 571 10.0 392 144
570 601 10.0 373 180
571 540 10.0 409 156
571 570 10.0 433 120
571 572 10.0 534 163
571 602 10.0 375 147
572 541 10.0 700 118
572 571 10.0 447 142
572 573 10.0 402 139
572 603 10.0 432 144
573 542 10.0 404 108
573 572 10.0 536 130
573 574 10.0 407 177
573 604 10.0 485 150
574 543 10.0 482 168
574 573 10.0 449 127
574 575 10.0 318 188
574 605 10.0 483 174
575 544 10.0 381 166
575 574 10.0 500 120
575 576 10.0 478 187
575 606 10.0 322 159
576 545 10.0 477 196
576 575 10.0 465 100
576 577 10.0 442 136
576 607 10.0 438 167
577 546 10.0 483 167
577 576 10.0 442 176
577 578 10.0 405 106
577 608 10.0 366 120
578 547 10.0 377 106
578 577 10.0 476 181
578 579 10.0 435 196
578 609 10.0 333 200
579 548 10.0 389 100
579 578 10.0 391 147
579 580 10.0 443 170
579 610 10.0 422 184
580 549 10.0 400 108
580 579 10.0 391 133
580 581 10.0 465 113
580 611 10.0 496 189
581 550 10.0 350 126
581 580 10.0 371 156
581 582 10.0 435 104
581 612 10.0 516 129
582 551 10.0 499 169
582 581 10.0 404 192
582 583 10.0 347 120
582 613 10.0 343 148
583 552 10.0 283 160
583 582 10.0 397 188
583 584 10.0 435 134
583 614 10.0 344 146
584 553 10.0 417 132
584 583 10.0 400 147
584 585 10.0 376 189
584 615 10.0 332 200
585 554 10.0 270 140
585 584 10.0 395 129
585 586 10.0 432 116
585 616 10.0 453 194
586 555 10.0 407 189
586 585 10.0 278 144
586 587 10.0 383 181
586 617 10.0 325 145
587 556 10.0 293 137
587 586 10.0 347 170
587 588 10.0 434 119
587 618 10.0 326 190
588 557 10.0 374 177
588 587 10.0 351 112
588 589 10.0 288 141
588 619 10.0 391 142
589 558 10.0 421 166
589 588 10.0 398 126
589 620 10.0 447 158
590 559 10.0 477 177
590 591 10.0 375 170
590 621 10.0 393 177
591 560 10.0 237 100
591 590 10.0 400 160
591 592 10.0 288 199
591 622 10.0 427 160
592 561 10.0 355 133
592 591 10.0 384 180
592 593 10.0 412 138
592 623 10.0 265 152
593 562 10.0 276 106
593 592 10.0 298 142
593 594 10.0 389 193
593 624 10.0 447 192
594 563 10.0 484 186
594 593 10.0 335 125
594 595 10.0 390 108
594 625 10.0 350 100
595 564 10.0 375 186
595 594 10.0 357 132
595 596 10.0 357 161
595 626 10.0 416 165
596 565 10.0 452 158
596 595 10.0 303 132
596 597 10.0 400 109
596 627 10.0 449 136
597 566 10.0 383 163
597 596 10.0 366 140
597 598 10.0 338 135
597 628 10.0 523 133
598 567 10.0 364 159
598 597 10.0 486 151
598 599 10.0 312 188
598 629 10.0 388 175
599 568 10.0 494 174
599 598 10.0 465 168
599 600 10.0 353 193
599 630 10.0 292 169
600 569 10.0 444 116
600 599 10.0 407 195
600 601 10.0 435 128
600 631 10.0 362 149
601 570 10.0 409 154
601 600 10.0 436 188
601 602 10.0 427 122
601 632 10.0 439 176
602 571 10.0 462 166
602 601 10.0 445 186
602 603 10.0 465 195
602 633 10.0 431 139
603 572 10.0 512 166
603 602 10.0 408 177
603 604 10.0 400 120
603 634 10.0 461 174
604 573 10.0 454 135
604 603 10.0 472 188
604 605 10.0 321 148
604 635 10.0 441 126
605 574 10.0 413 168
605 604 10.0 393 163
605 606 10.0 433 180
605 636 10.0 332 194
606 575 10.0 376 176
606 605 10.0 313 123
606 607 10.0 409 194
606 637 10.0 511 199
607 576 10.0 470 106
607 606 10.0 384 190
607 608 10.0 439 193
607 638 10.0 360 152
608 577 10.0 380 155
608 607 10.0 356 104
608 609 10.0 414 129
608 639 10.0 380 154
609 578 10.0 426 196
609 608 10.0 378 142
609 610 10.0 411 151
609 640 10.0 331 142
610 579 10.0 387 188
610 609 10.0 353 132
610 611 10.0 393 188
610 641 10.0 456 112
611 580 10.0 467 177
611 610 10.0 486 119
611 612 10.0 401 118
611 642 10.0 434 133
612 581 10.0 367 189
612 611 10.0 448 175
612 613 10.0 471 172
612 643 10.0 443 159
613 582 10.0 351 123
613 612 10.0 408 147
613 614 10.0 330 112
613 644 10.0 492 115
614 583 10.0 441 133
614 613 10.0 428 182
614 615 10.0 380 146
614 645 10.0 252 106
615 584 10.0 414 195
615 614 10.0 318 114
615 616 10.0 361 128
615 646 10.0 337 116
616 585 10.0 387 120
616 615 10.0 338 127
616 617 10.0 313 100
616 647 10.0 517 108
617 586 10.0 368 150
617 616 10.0 411 157
617 618 10.0 344 114
617 648 10.0 319 112
618 587 10.0 321 116
618 617 10.0 420 112
618 619 10.0 303 170
618 649 10.0 299 175
619 588 10.0 283 114
619 618 10.0 311 183
619 620 10.0 438 122
619 650 10.0 363 156
620 589 10.0 479 159
620 619 10.0 387 115
620 651 10.0 416 181
621 590 10.0 436 187
621 622 10.0 305 164
621 652 10.0 411 119
622 591 10.0 308 195
622 621 10.0 300 101
622 623 10.0 347 140
622 653 10.0 356 169
623 592 10.0 416 128
623 622 10.0 267 149
623 624 10.0 441 149
623 654 10.0 263 175
624 593 10.0 304 121
624 623 10.0 406 116
624 625 10.0 417 148
624 655 10.0 379 173
625 594 10.0 419 156
625 624 10.0 310 106
625 626 10.0 301 172
625 656 10.0 447 101
626 595 10.0 420 160
626 625 10.0 358 157
626 627 10.0 395 173
626 657 10.0 251 129
627 596 10.0 433 182
627 626 10.0 310 123
627 628 10.0 430 168
627 658 10.0 392 189
628 597 10.0 360 137
628 627 10.0 432 143
628 629 10.0 411 110
628 659 10.0 437 187
629 598 10.0 304 155
629 628 10.0 410 152
629 630 10.0 339 184
629 660 10.0 385 134
630 599 10.0 509 196
630 629 10.0 347 124
630 631 10.0 342 133
630 661 10.0 282 117
631 600 10.0 401 145
631 630 10.0 434 183
631 632 10.0 387 110
631 662 10.0 360 117
632 601 10.0 400 146
632 631 10.0 412 114
632 633 10.0 509 163
632 663 10.0 288 172
633 602 10.0 567 198
633 632 10.0 339 185
633 634 10.0 414 155
633 664 10.0 389 173
634 603 10.0 403 128
634 633 10.0 317 172
634 635 10.0 467 120
634 665 10.0 510 195
635 604 10.0 398 133
635 634 10.0 436 152
635 636 10.0 424 127
635 666 10.0 466 136
636 605 10.0 465 170
636 635 10.0 415 175
636 637 10.0 344 127
636 667 10.0 387 127
637 606 10.0 446 108
637 636 10.0 374 200
637 638 10.0 471 160
637 668 10.0 406 103
638 607 10.0 449 119
638 637 10.0 453 180
638 639 10.0 427 169
638 669 10.0 343 173
639 608 10.0 370 109
639 638 10.0 408 134
639 640 10.0 358 136
639 670 10.0 482 180
640 609 10.0 434 146
640 639 10.0 441 117
640 641 10.0 295 191
640 671 10.0 573 102
641 610 10.0 276 185
641 640 10.0 579 157
641 642 10.0 428 165
641 672 10.0 368 111
642 611 10.0 468 112
642 641 10.0 539 111
642 643 10.0 376 160
642 673 10.0 441 125
643 612 10.0 408 135
643 642 10.0 578 101
643 644 10.0 402 134
643 674 10.0 372 160
644 613 10.0 347 127
644 643 10.0 444 149
644 645 10.0 364 191
644 675 10.0 378 173
645 614 10.0 447 169
645 644 10.0 272 136
645 646 10.0 356 130
645 676 10.0 391 150
646 615 10.0 357 117
646 645 10.0 476 189
646 647 10.0 340 150
646 677 10.0 357 100
647 616 10.0 335 105
647 646 10.0 472 129
647 648 10.0 452 160
647 678 10.0 298 118
648 617 10.0 361 128
648 647 10.0 348 117
648 649 10.0 346 148
648 679 10.0 365 158
649 618 10.0 340 116
649 648 10.0 254 110
649 650 10.0 374 150
649 680 10.0 312 169
650 619 10.0 338 180
650 649 10.0 300 155
650 651 10.0 452 196
650 681 10.0 262 197
651 620 10.0 393 124
651 650 10.0 344 125
651 682 10.0 510 141
652 621 10.0 459 104
652 653 10.0 333 113
652 683 10.0 342 123
653 622 10.0 316 178
653 652 10.0 340 119
653 654 10.0 318 164
653 684 10.0 310 114
654 623 10.0 348 107
654 653 10.0 322 174
654 655 10.0 344 104
654 685 10.0 285 195
655 624 10.0 293 191
655 654 10.0 350 112
655 656 10.0 319 184
655 686 10.0 503 102
656 625 10.0 360 123
656 655 10.0 400 154
656 657 10.0 391 116
656 687 10.0 388 167
657 626 10.0 414 123
657 656 10.0 427 187
657 658 10.0 324 195
657 688 10.0 357 148
658 627 10.0 275 190
658 657 10.0 438 102
658 659 10.0 368 130
658 689 10.0 449 188
659 628 10.0 272 143
659 658 10.0 464 169
659 660 10.0 383 195
659 690 10.0 432 177
660 629 10.0 307 103
660 659 10.0 433 118
660 661 10.0 347 197
660 691 10.0 269 109
661 630 10.0 425 158
661 660 10.0 247 162
661 662 10.0 398 165
661 692 10.0 388 117
662 631 10.0 428 130
662 661 10.0 378 163
662 663 10.0 279 103
662 693 10.0 390 104
663 632 10.0 457 121
663 662 10.0 347 158
663 664 10.0 444 191
663 694 10.0 353 115
664 633 10.0 426 136
664 663 10.0 503 155
664 665 10.0 422 116
664 695 10.0 440 175
665 634 10.0 399 181
665 664 10.0 505 168
665 666 10.0 439 163
665 696 10.0 480 119
666 635 10.0 417 182
666 665 10.0 523 149
666 667 10.0 394 101
666 697 10.0 523 182
667 636 10.0 470 196
667 666 10.0 460 114
667 668 10.0 392 161
667 698 10.0 374 121
668 637 10.0 396 108
668 667 10.0 449 174
668 669 10.0 413 134
668 699 10.0 381 151
669 638 10.0 439 160
669 668 10.0 353 190
669 670 10.0 373 160
669 700 10.0 380 183
670 639 10.0 361 162
670 669 10.0 457 177
670 671 10.0 387 100
670 701 10.0 482 177
671 640 10.0 458 181
671 670 10.0 348 182
671 672 10.0 456 191
671 702 10.0 506 146
672 641 10.0 345 185
672 671 10.0 406 109
672 673 10.0 312 198
672 703 10.0 429 199
673 642 10.0 397 161
673 672 10.0 406 160
673 674 10.0 484 121
673 704 10.0 329 128
674 643 10.0 481 162
674 673 10.0 363 184
674 675 10.0 378 135
674 705 10.0 480 100
675 644 10.0 379 168
675 674 10.0 410 145
675 676 10.0 338 111
675 706 10.0 366 116
676 645 10.0 393 178
676 675 10.0 331 161
676 677 10.0 377 138
676 707 10.0 366 106
677 646 10.0 345 107
677 676 10.0 409 196
677 678 10.0 313 187
677 708 10.0 356 150
678 647 10.0 356 184
678 677 10.0 325 180
678 679 10.0 345 110
678 709 10.0 294 155
679 648 10.0 405 172
679 678 10.0 366 187
679 680 10.0 353 197
679 710 10.0 293 131
680 649 10.0 334 200
680 679 10.0 334 121
680 681 10.0 315 173
680 711 10.0 325 155
681 650 10.0 289 193
681 680 10.0 331 126
681 682 10.0 297 198
681 712 10.0 355 152
682 651 10.0 381 126
682 681 10.0 328 122
682 713 10.0 417 153
683 652 10.0 391 147
683 684 10.0 346 116
683 714 10.0 335 104
684 653 10.0 276 169
684 683 10.0 315 195
684 685 10.0 318 155
684 715 10.0 307 123
685 654 10.0 367 161
685 684 10.0 220 136
685 686 10.0 327 186
685 716 10.0 405 192
686 655 10.0 300 185
686 685 10.0 451 154
686 687 10.0 349 146
686 717 10.0 407 124
687 656 10.0 406 153
687 686 10.0 417 188
687 688 10.0 348 131
687 718 10.0 311 160
688 657 10.0 431 107
688 687 10.0 426 185
688 689 10.0 325 182
688 719 10.0 349 119
689 658 10.0 373 190
689 688 10.0 455 117
689 690 10.0 354 197
689 720 10.0 411 130
690 659 10.0 288 103
690 689 10.0 507 123
690 691 10.0 417 179
690 721 10.0 384 118
691 660 10.0 339 175
691 690 10.0 416 101
691 692 10.0 593 109
691 722 10.0 367 115
692 661 10.0 397 155
692 691 10.0 557 119
692 693 10.0 383 139
692 723 10.0 458 122
693 662 10.0 372 114
693 692 10.0 451 126
693 694 10.0 511 179
693 724 10.0 323 125
694 663 10.0 532 174
694 693 10.0 360 108
694 695 10.0 374 142
694 725 10.0 393 128
695 664 10.0 456 123
695 694 10.0 401 115
695 696 10.0 496 139
695 726 10.0 405 145
696 665 10.0 365 184
696 695 10.0 460 128
696 697 10.0 539 173
696 727 10.0 368 161
697 666 10.0 511 199
697 696 10.0 373 160
697 698 10.0 469 139
697 728 10.0 525 184
698 667 10.0 456 173
698 697 10.0 394 140
698 699 10.0 465 108
698 729 10.0 465 148
699 668 10.0 489 121
699 698 10.0 456 148
699 700 10.0 351 187
699 730 10.0 445 135
700 669 10.0 369 187
700 699 10.0 482 189
700 701 10.0 323 161
700 731 10.0 422 139
701 670 10.0 480 190
701 700 10.0 495 139
701 702 10.0 416 122
701 732 10.0 400 195
702 671 10.0 404 190
702 701 10.0 484 188
702 703 10.0 606 190
702 733 10.0 463 161
703 672 10.0 316 106
703 702 10.0 530 128
703 704 10.0 422 191
703 734 10.0 476 108
704 673 10.0 500 135
704 703 10.0 442 125
704 705 10.0 293 199
704 735 10.0 368 102
705 674 10.0 434 117
705 704 10.0 406 105
705 706 10.0 371 169
705 736 10.0 361 185
706 675 10.0 392 116
706 705 10.0 359 145
706 707 10.0 404 186
706 737 10.0 333 192
707 676 10.0 351 122
707 706 10.0 394 113
707 708 10.0 463 193
707 738 10.0 291 189
708 677 10.0 304 137
708 707 10.0 293 134
708 709 10.0 315 129
708 739 10.0 486 123
709 678 10.0 337 109
709 708 10.0 292 122
709 710 10.0 447 115
709 740 10.0 333 176
710 679 10.0 399 116
710 709 10.0 346 127
710 711 10.0 349 148
710 741 10.0 361 152
711 680 10.0 299 168
711 710 10.0 357 155
711 712 10.0 313 117
711 742 10.0 395 184
712 681 10.0 364 153
712 711 10.0 344 107
712 713 10.0 338 119
712 743 10.0 334 190
713 682 10.0 333 165
713 712 10.0 272 127
713 744 10.0 406 188
714 683 10.0 370 180
714 715 10.0 266 114
714 745 10.0 349 173
715 684 10.0 332 148
715 714 10.0 253 137
715 716 10.0 283 151
715 746 10.0 207 181
716 685 10.0 281 163
716 715 10.0 334 139
716 717 10.0 342 190
716 747 10.0 268 142
717 686 10.0 296 196
717 716 10.0 297 157
717 718 10.0 330 131
717 748 10.0 454 149
718 687 10.0 324 164
718 717 10.0 370 108
718 719 10.0 257 162
718 749 10.0 386 134
719 688 10.0 379 142
719 718 10.0 358 113
719 720 10.0 379 169
719 750 10.0 192 143
720 689 10.0 319 185
720 719 10.0 347 107
720 721 10.0 455 174
720 751 10.0 373 171
721 690 10.0 397 173
721 720 10.0 383 190
721 722 10.0 449 139
721 752 10.0 327 132
722 691 10.0 477 116
722 721 10.0 387 108
722 723 10.0 441 148
722 753 10.0 329 180
723 692 10.0 357 170
723 722 10.0 361 158
723 724 10.0 467 106
723 754 10.0 468 155
724 693 10.0 507 126
724 723 10.0 377 188
724 725 10.0 503 176
724 755 10.0 248 186
725 694 10.0 420 121
725 724 10.0 415 147
725 726 10.0 337 120
725 756 10.0 519 166
726 695 10.0 497 144
726 725 10.0 429 190
726 727 10.0 436 110
726 757 10.0 337 170
727 696 10.0 386 117
727 726 10.0 521 196
727 728 10.0 408 145
727 758 10.0 454 128
728 697 10.0 486 159
728 727 10.0 513 153
728 729 10.0 429 107
728 759 10.0 435 109
729 698 10.0 416 194
729 728 10.0 451 164
729 730 10.0 393 103
729 760 10.0 567 144
730 699 10.0 449 183
730 729 10.0 464 124
730 731 10.0 291 142
730 761 10.0 490 179
731 700 10.0 362 199
731 730 10.0 439 162
731 732 10.0 410 120
731 762 10.0 432 191
732 701 10.0 490 192
732 731 10.0 425 199
732 733 10.0 346 136
732 763 10.0 348 190
733 702 10.0 490 105
733 732 10.0 438 191
733 734 10.0 349 184
733 764 10.0 394 158
734 703 10.0 284 143
734 733 10.0 388 140
734 735 10.0 478 141
734 765 10.0 433 170
735 704 10.0 418 129
735 734 10.0 408 186
735 736 10.0 439 191
735 766 10.0 344 125
736 705 10.0 444 108
736 735 10.0 380 152
736 737 10.0 384 134
736 767 10.0 345 196
737 706 10.0 369 108
737 736 10.0 376 137
737 738 10.0 403 128
737 768 10.0 377 159
738 707 10.0 388 148
738 737 10.0 379 198
738 739 10.0 265 149
738 769 10.0 359 191
739 708 10.0 284 158
739 738 10.0 389 119
739 740 10.0 326 180
739 770 10.0 402 180
740 709 10.0 418 179
740 739 10.0 337 118
740 741 10.0 314 130
740 771 10.0 293 118
741 710 10.0 371 139
741 740 10.0 362 197
741 742 10.0 305 196
741 772 10.0 266 144
742 711 10.0 345 177
742 741 10.0 306 128
742 743 10.0 303 165
742 773 10.0 388 161
743 712 10.0 455 108
743 742 10.0 332 170
743 744 10.0 355 181
743 774 10.0 229 156
744 713 10.0 256 146
744 743 10.0 485 166
744 775 10.0 448 174
745 714 10.0 396 192
745 746 10.0 300 160
745 776 10.0 287 193
746 715 10.0 149 109
746 745 10.0 232 180
746 747 10.0 270 153
746 777 10.0 221 138
747 716 10.0 246 168
747 746 10.0 180 134
747 748 10.0 351 158
747 778 10.0 268 108
748 717 10.0 270 169
748 747 10.0 228 165
748 749 10.0 457 163
748 779 10.0 332 131
749 718 10.0 339 123
749 748 10.0 252 126
749 750 10.0 445 113
749 780 10.0 422 174
750 719 10.0 358 197
750 749 10.0 238 133
750 751 10.0 333 105
750 781 10.0 278 194
751 720 10.0 319 100
751 750 10.0 360 171
751 752 10.0 243 114
751 782 10.0 332 196
752 721 10.0 294 128
752 751 10.0 253 178
752 753 10.0 399 130
752 783 10.0 347 194
753 722 10.0 481 125
753 752 10.0 364 176
753 754 10.0 345 142
753 784 10.0 308 135
754 723 10.0 386 177
754 753 10.0 427 158
754 755 10.0 376 161
754 785 10.0 417 127
755 724 10.0 449 152
755 754 10.0 380 199
755 756 10.0 370 163
755 786 10.0 381 130
756 725 10.0 380 119
756 755 10.0 496 180
756 757 10.0 441 188
756 787 10.0 359 103
757 726 10.0 419 190
757 756 10.0 327 168
757 758 10.0 373 155
757 788 10.0 421 135
758 727 10.0 413 163
758 757 10.0 410 152
758 759 10.0 395 108
758 789 10.0 452 103
759 728 10.0 513 116
759 758 10.0 429 187
759 760 10.0 410 180
759 790 10.0 350 115
760 729 10.0 447 116
760 759 10.0 485 144
760 761 10.0 538 153
760 791 10.0 379 116
761 730 10.0 401 119
761 760 10.0 505 178
761 762 10.0 448 105
761 792 10.0 488 145
762 731 10.0 481 135
762 761 10.0 413 126
762 763 10.0 349 110
762 793 10.0 467 146
763 732 10.0 370 196
763 762 10.0 442 168
763 764 10.0 414 172
763 794 10.0 407 165
764 733 10.0 425 152
764 763 10.0 426 112
764 765 10.0 371 105
764 795 10.0 326 119
765 734 10.0 410 171
765 764 10.0 347 134
765 766 10.0 316 107
765 796 10.0 502 171
766 735 10.0 398 121
766 765 10.0 314 115
766 767 10.0 339 112
766 797 10.0 366 186
767 736 10.0 429 149
767 766 10.0 459 127
767 768 10.0 362 120
767 798 10.0 309 199
768 737 10.0 428 109
768 767 10.0 427 172
768 769 10.0 295 143
768 799 10.0 376 144
769 738 10.0 284 197
769 768 10.0 511 144
769 770 10.0 371 131
769 800 10.0 318 174
770 739 10.0 321 121
770 769 10.0 451 170
770 771 10.0 382 140
770 801 10.0 351 195
771 740 10.0 352 113
771 770 10.0 380 160
771 772 10.0 333 157
771 802 10.0 248 158
772 741 10.0 315 129
772 771 10.0 310 197
772 773 10.0 409 124
772 803 10.0 291 163
773 742 10.0 309 149
773 772 10.0 358 151
773 774 10.0 295 187
773 804 10.0 325 175
774 743 10.0 225 134
774 773 10.0 205 134
774 775 10.0 307 181
774 805 10.0 304 183
775 744 10.0 426 106
775 774 10.0 318 174
775 806 10.0 423 160
776 745 10.0 412 111
776 777 10.0 238 171
776 807 10.0 270 123
777 746 10.0 199 187
777 776 10.0 302 136
777 778 10.0 275 166
777 808 10.0 253 116
778 747 10.0 264 189
778 777 10.0 286 100
778 779 10.0 233 135
778 809 10.0 286 111
779 748 10.0 276 171
779 778 10.0 384 149
779 780 10.0 329 172
779 810 10.0 261 105
780 749 10.0 379 150
780 779 10.0 265 125
780 781 10.0 252 138
780 811 10.0 379 162
781 750 10.0 186 136
781 780 10.0 269 198
781 782 10.0 304 169
781 812 10.0 382 185
782 751 10.0 287 190
782 781 10.0 387 200
782 783 10.0 342 105
782 813 10.0 253 198
783 752 10.0 376 174
783 782 10.0 292 128
783 784 10.0 421 162
783 814 10.0 364 171
784 753 10.0 342 149
784 783 10.0 349 124
784 785 10.0 401 184
784 815 10.0 398 121
785 754 10.0 435 179
785 784 10.0 316 140
785 786 10.0 463 179
785 816 10.0 398 152
786 755 10.0 470 199
786 785 10.0 352 120
786 787 10.0 382 102
786 817 10.0 451 106
787 756 10.0 399 192
787 786 10.0 454 200
787 788 10.0 389 171
787 818 10.0 353 194
788 757 10.0 358 183
788 787 10.0 390 133
788 789 10.0 445 125
788 819 10.0 428 126
789 758 10.0 422 188
789 788 10.0 384 146
789 790 10.0 384 112
789 820 10.0 447 146
790 759 10.0 466 173
790 789 10.0 413 140
790 791 10.0 393 173
790 821 10.0 349 198
791 760 10.0 366 108
791 790 10.0 450 155
791 792 10.0 431 130
791 822 10.0 481 181
792 761 10.0 414 154
792 791 10.0 311 172
792 793 10.0 480 114
792 823 10.0 411 131
793 762 10.0 439 100
793 792 10.0 386 120
793 794 10.0 451 169
793 824 10.0 412 184
794 763 10.0 500 144
794 793 10.0 335 132
794 795 10.0 373 135
794 825 10.0 401 122
795 764 10.0 397 179
795 794 10.0 497 185
795 796 10.0 384 195
795 826 10.0 311 118
796 765 10.0 377 128
796 795 10.0 433 111
796 797 10.0 360 147
796 827 10.0 340 179
797 766 10.0 312 165
797 796 10.0 373 199
797 798 10.0 303 189
797 828 10.0 397 155
798 767 10.0 441 106
798 797 10.0 292 129
798 799 10.0 360 157
798 829 10.0 300 139
799 768 10.0 270 173
799 798 10.0 401 191
799 800 10.0 357 187
799 830 10.0 358 125
800 769 10.0 391 151
800 799 10.0 339 177
800 801 10.0 401 193
800 831 10.0 259 127
801 770 10.0 347 168
801 800 10.0 314 109
801 802 10.0 386 180
801 832 10.0 327 181
802 771 10.0 344 150
802 801 10.0 292 113
802 803 10.0 344 125
802 833 10.0 335 119
803 772 10.0 348 174
803 802 10.0 435 176
803 804 10.0 250 129
803 834 10.0 221 148
804 773 10.0 283 101
804 803 10.0 367 172
804 805 10.0 231 195
804 835 10.0 341 131
805 774 10.0 265 172
805 804 10.0 371 112
805 806 10.0 242 112
805 836 10.0 364 127
806 775 10.0 417 136
806 805 10.0 402 151
806 837 10.0 304 141
807 776 10.0 334 141
807 808 10.0 211 145
807 838 10.0 295 134
808 777 10.0 222 163
808 807 10.0 280 128
808 809 10.0 268 106
808 839 10.0 296 190
809 778 10.0 197 188
809 808 10.0 299 187
809 810 10.0 266 152
809 840 10.0 244 137
810 779 10.0 409 112
810 809 10.0 230 152
810 811 10.0 187 142
810 841 10.0 241 106
811 780 10.0 275 144
811 810 10.0 325 107
811 812 10.0 249 130
811 842 10.0 367 100
812 781 10.0 244 182
812 811 10.0 336 199
812 813 10.0 350 130
812 843 10.0 324 170
813 782 10.0 380 106
813 812 10.0 207 174
813 814 10.0 280 142
813 844 10.0 364 140
814 783 10.0 423 178
814 813 10.0 339 180
814 815 10.0 345 158
814 845 10.0 238 101
815 784 10.0 429 104
815 814 10.0 297 131
815 816 10.0 372 187
815 846 10.0 343 139
816 785 10.0 439 134
816 815 10.0 379 100
816 817 10.0 355 108
816 847 10.0 353 181
817 786 10.0 362 191
817 816 10.0 351 106
817 818 10.0 378 129
817 848 10.0 439 124
818 787 10.0 469 192
818 817 10.0 362 173
818 819 10.0 362 134
818 849 10.0 410 124
819 788 10.0 457 167
819 818 10.0 381 132
819 820 10.0 397 142
819 850 10.0 485 174
820 789 10.0 320 144
820 819 10.0 564 132
820 821 10.0 411 104
820 851 10.0 416 182
821 790 10.0 456 193
821 820 10.0 390 126
821 822 10.0 428 126
821 852 10.0 417 116
822 791 10.0 571 185
822 821 10.0 425 187
822 823 10.0 345 168
822 853 10.0 432 177
823 792 10.0 271 143
823 822 10.0 467 126
823 824 10.0 379 156
823 854 10.0 434 189
824 793 10.0 478 172
824 823 10.0 359 181
824 825 10.0 307 108
824 855 10.0 395 126
825 794 10.0 271 178
825 824 10.0 461 173
825 826 10.0 427 104
825 856 10.0 313 110
826 795 10.0 450 200
826 825 10.0 342 171
826 827 10.0 333 173
826 857 10.0 356 148
827 796 10.0 306 166
827 826 10.0 407 174
827 828 10.0 304 153
827 858 10.0 365 196
828 797 10.0 352 119
828 827 10.0 317 154
828 829 10.0 341 158
828 859 10.0 414 171
829 798 10.0 390 129
829 828 10.0 366 122
829 830 10.0 386 121
829 860 10.0 271 139
830 799 10.0 325 106
830 829 10.0 285 169
830 831 10.0 409 121
830 861 10.0 424 179
831 800 10.0 400 134
831 830 10.0 289 148
831 832 10.0 318 119
831 862 10.0 395 159
832 801 10.0 338 128
832 831 10.0 372 172
832 833 10.0 226 184
832 863 10.0 346 184
833 802 10.0 292 194
833 832 10.0 506 185
833 834 10.0 253 138
833 864 10.0 275 192
834 803 10.0 276 101
834 833 10.0 435 123
834 835 10.0 278 162
834 865 10.0 209 150
835 804 10.0 275 141
835 834 10.0 262 191
835 836 10.0 318 100
835 866 10.0 297 127
836 805 10.0 230 123
836 835 10.0 282 120
836 837 10.0 346 119
836 867 10.0 362 120
837 806 10.0 460 159
837 836 10.0 248 175
837 868 10.0 309 139
838 807 10.0 278 132
838 839 10.0 185 100
838 869 10.0 368 135
839 808 10.0 241 108
839 838 10.0 308 162
839 840 10.0 194 143
839 870 10.0 254 126
840 809 10.0 221 119
840 839 10.0 342 121
840 841 10.0 241 155
840 871 10.0 130 159
841 810 10.0 226 137
841 840 10.0 209 150
841 842 10.0 278 186
841 872 10.0 275 192
842 811 10.0 308 150
842 841 10.0 288 164
842 843 10.0 340 173
842 873 10.0 287 145
843 812 10.0 340 125
843 842 10.0 275 186
843 844 10.0 451 167
843 874 10.0 249 135
844 813 10.0 303 195
844 843 10.0 272 107
844 845 10.0 470 119
844 875 10.0 368 154
845 814 10.0 347 138
845 844 10.0 232 172
845 846 10.0 408 127
845 876 10.0 260 174
846 815 10.0 337 176
846 845 10.0 242 110
846 847 10.0 327 109
846 877 10.0 540 129
847 816 10.0 385 172
847 846 10.0 441 163
847 848 10.0 381 115
847 878 10.0 315 101
848 817 10.0 334 114
848 847 10.0 447 189
848 849 10.0 483 106
848 879 10.0 360 188
849 818 10.0 486 130
849 848 10.0 432 189
849 850 10.0 362 200
849 880 10.0 354 161
850 819 10.0 347 113
850 849 10.0 273 181
850 851 10.0 440 117
850 881 10.0 442 183
851 820 10.0 478 135
851 850 10.0 335 186
851 852 10.0 550 118
851 882 10.0 390 193
852 821 10.0 480 134
852 851 10.0 404 179
852 853 10.0 449 148
852 883 10.0 501 129
853 822 10.0 436 187
853 852 10.0 422 134
853 854 10.0 390 188
853 884 10.0 437 200
854 823 10.0 399 141
854 853 10.0 430 153
854 855 10.0 503 199
854 885 10.0 316 102
855 824 10.0 373 124
855 854 10.0 369 154
855 856 10.0 444 144
855 886 10.0 424 133
856 825 10.0 414 197
856 855 10.0 385 101
856 857 10.0 403 102
856 887 10.0 331 176
857 826 10.0 340 180
857 856 10.0 327 198
857 858 10.0 410 118
857 888 10.0 332 126
858 827 10.0 381 148
858 857 10.0 352 128
858 859 10.0 358 111
858 889 10.0 324 135
859 828 10.0 353 188
859 858 10.0 310 142
859 860 10.0 368 110
859 890 10.0 374 191
860 829 10.0 493 114
860 859 10.0 302 159
860 861 10.0 279 181
860 891 10.0 311 140
861 830 10.0 385 182
861 860 10.0 379 128
861 862 10.0 310 103
861 892 10.0 336 166
862 831 10.0 364 197
862 861 10.0 348 106
862 863 10.0 308 165
862 893 10.0 318 138
863 832 10.0 188 158
863 862 10.0 306 131
863 864 10.0 335 185
863 894 10.0 368 139
864 833 10.0 324 165
864 863 10.0 311 183
864 865 10.0 229 136
864 895 10.0 274 167
865 834 10.0 460 132
865 864 10.0 237 101
865 866 10.0 247 111
865 896 10.0 242 105
866 835 10.0 256 139
866 865 10.0 369 130
866 867 10.0 293 200
866 897 10.0 376 178
867 836 10.0 312 187
867 866 10.0 352 152
867 868 10.0 275 165
867 898 10.0 311 183
868 837 10.0 403 132
868 867 10.0 268 158
868 899 10.0 304 140
869 838 10.0 235 133
869 870 10.0 286 194
869 900 10.0 264 129
870 839 10.0 177 127
870 869 10.0 196 180
870 871 10.0 332 151
870 901 10.0 172 110
871 840 10.0 275 122
871 870 10.0 211 100
871 872 10.0 224 137
871 902 10.0 171 122
872 841 10.0 219 157
872 871 10.0 170 184
872 873 10.0 279 167
872 903 10.0 273 184
873 842 10.0 321 158
873 872 10.0 175 138
873 874 10.0 360 184
873 904 10.0 260 193
874 843 10.0 373 145
874 873 10.0 217 118
874 875 10.0 302 126
874 905 10.0 232 151
875 844 10.0 354 173
875 874 10.0 247 108
875 876 10.0 363 156
875 906 10.0 370 116
876 845 10.0 319 155
876 875 10.0 357 184
876 877 10.0 177 192
876 907 10.0 503 113
877 846 10.0 264 100
877 876 10.0 463 127
877 878 10.0 406 127
877 908 10.0 326 103
878 847 10.0 400 161
878 877 10.0 335 129
878 879 10.0 502 182
878 909 10.0 249 106
879 848 10.0 376 112
879 878 10.0 307 133
879 880 10.0 455 188
879 910 10.0 458 169
880 849 10.0 483 134
880 879 10.0 391 129
880 881 10.0 476 113
880 911 10.0 405 196
881 850 10.0 412 151
881 880 10.0 515 142
881 882 10.0 468 125
881 912 10.0 478 170
882 851 10.0 496 200
882 881 10.0 515 156
882 883 10.0 381 191
882 913 10.0 449 143
883 852 10.0 434 134
883 882 10.0 505 154
883 884 10.0 414 135
883 914 10.0 375 195
884 853 10.0 391 139
884 883 10.0 480 143
884 885 10.0 425 200
884 915 10.0 454 182
885 854 10.0 467 156
885 884 10.0 450 105
885 886 10.0 359 103
885 916 10.0 257 200
886 855 10.0 370 190
886 885 10.0 390 190
886 887 10.0 449 102
886 917 10.0 393 161
887 856 10.0 455 113
887 886 10.0 424 126
887 888 10.0 431 167
887 918 10.0 247 168
888 857 10.0 308 183
888 887 10.0 387 116
888 889 10.0 296 153
888 919 10.0 420 179
889 858 10.0 362 169
889 888 10.0 411 180
889 890 10.0 296 145
889 920 10.0 367 178
890 859 10.0 334 137
890 889 10.0 369 128
890 891 10.0 361 187
890 921 10.0 347 198
891 860 10.0 350 128
891 890 10.0 381 187
891 892 10.0 372 149
891 922 10.0 412 126
892 861 10.0 375 121
892 891 10.0 348 199
892 893 10.0 330 187
892 923 10.0 260 189
893 862 10.0 301 108
893 892 10.0 300 147
893 894 10.0 333 153
893 924 10.0 214 200
894 863 10.0 223 158
894 893 10.0 244 147
894 895 10.0 370 111
894 925 10.0 369 170
895 864 10.0 280 134
895 894 10.0 280 197
895 896 10.0 232 192
895 926 10.0 341 153
896 865 10.0 363 174
896 895 10.0 264 173
896 897 10.0 295 167
896 927 10.0 210 133
897 866 10.0 225 122
897 896 10.0 265 154
897 898 10.0 361 113
897 928 10.0 327 172
898 867 10.0 331 198
898 897 10.0 255 152
898 899 10.0 269 134
898 929 10.0 265 155
899 868 10.0 391 183
899 898 10.0 207 168
899 930 10.0 318 200
900 869 10.0 223 162
900 901 10.0 206 200
900 931 10.0 201 200
901 870 10.0 132 184
901 900 10.0 217 165
901 902 10.0 215 164
901 932 10.0 178 144
902 871 10.0 240 150
902 901 10.0 161 123
902 903 10.0 202 169
902 933 10.0 183 163
903 872 10.0 264 161
903 902 10.0 210 130
903 904 10.0 259 141
903 934 10.0 218 138
904 873 10.0 322 112
904 903 10.0 232 171
904 905 10.0 173 195
904 935 10.0 328 181
905 874 10.0 253 131
905 904 10.0 297 141
905 906 10.0 223 175
905 936 10.0 241 134
906 875 10.0 307 148
906 905 10.0 305 196
906 907 10.0 310 104
906 937 10.0 270 194
907 876 10.0 272 107
907 906 10.0 257 144
907 908 10.0 451 133
907 938 10.0 321 164
908 877 10.0 378 120
908 907 10.0 267 111
908 909 10.0 446 172
908 939 10.0 342 101
909 878 10.0 469 159
909 908 10.0 315 122
909 910 10.0 300 155
909 940 10.0 471 146
910 879 10.0 345 185
910 909 10.0 512 104
910 911 10.0 367 101
910 941 10.0 407 118
911 880 10.0 424 167
911 910 10.0 409 142
911 912 10.0 335 102
911 942 10.0 448 142
912 881 10.0 395 198
912 911 10.0 420 163
912 913 10.0 356 148
912 943 10.0 450 114
913 882 10.0 480 106
913 912 10.0 386 191
913 914 10.0 375 193
913 944 10.0 398 141
914 883 10.0 392 173
914 913 10.0 357 172
914 915 10.0 457 139
914 945 10.0 426 102
915 884 10.0 440 196
915 914 10.0 470 199
915 916 10.0 306 127
915 946 10.0 467 174
916 885 10.0 400 178
916 915 10.0 393 124
916 917 10.0 376 159
916 947 10.0 311 121
917 886 10.0 368 184
917 916 10.0 398 167
917 918 10.0 315 173
917 948 10.0 465 197
918 887 10.0 412 162
918 917 10.0 464 140
918 919 10.0 232 130
918 949 10.0 335 151
919 888 10.0 227 105
919 918 10.0 436 128
919 920 10.0 348 195
919 950 10.0 311 160
920 889 10.0 390 154
920 919 10.0 314 175
920 921 10.0 410 122
920 951 10.0 298 165
921 890 10.0 364 200
921 920 10.0 379 197
921 922 10.0 277 138
921 952 10.0 391 170
922 891 10.0 410 126
922 921 10.0 299 157
922 923 10.0 258 199
922 953 10.0 432 100
923 892 10.0 310 176
923 922 10.0 322 165
923 924 10.0 343 175
923 954 10.0 282 195
924 893 10.0 270 102
924 923 10.0 350 168
924 925 10.0 164 195
924 955 10.0 396 102
925 894 10.0 216 179
925 924 10.0 338 117
925 926 10.0 161 198
925 956 10.0 378 138
926 895 10.0 239 180
926 925 10.0 288 109
926 927 10.0 214 122
926 957 10.0 316 186
927 896 10.0 339 145
927 926 10.0 251 164
927 928 10.0 200 145
927 958 10.0 273 192
928 897 10.0 237 115
928 927 10.0 323 131
928 929 10.0 282 166
928 959 10.0 218 130
929 898 10.0 239 111
929 928 10.0 246 182
929 930 10.0 226 191
929 960 10.0 242 103
930 899 10.0 332 127
930 929 10.0 199 107
930 961 10.0 309 123
931 900 10.0 158 182
931 932 10.0 176 145
932 901 10.0 200 190
932 931 10.0 175 185
932 933 10.0 268 121
933 902 10.0 184 157
933 932 10.0 278 104
933 934 10.0 282 176
934 903 10.0 251 199
934 933 10.0 305 158
934 935 10.0 289 151
935 904 10.0 255 134
935 934 10.0 336 176
935 936 10.0 333 131
936 905 10.0 306 119
936 935 10.0 319 106
936 937 10.0 327 168
937 906 10.0 337 154
937 936 10.0 372 110
937 938 10.0 350 170
938 907 10.0 333 116
938 937 10.0 423 118
938 939 10.0 374 170
939 908 10.0 292 158
939 938 10.0 450 151
939 940 10.0 430 115
940 909 10.0 350 118
940 939 10.0 458 105
940 941 10.0 511 105
941 910 10.0 437 134
941 940 10.0 424 158
941 942 10.0 564 163
942 911 10.0 386 172
942 941 10.0 475 157
942 943 10.0 616 193
943 912 10.0 419 184
943 942 10.0 462 114
943 944 10.0 651 181
944 913 10.0 453 133
944 943 10.0 461 145
944 945 10.0 535 167
945 914 10.0 411 125
945 944 10.0 437 128
945 946 10.0 503 145
946 915 10.0 382 116
946 945 10.0 446 123
946 947 10.0 565 123
947 916 10.0 444 153
947 946 10.0 429 118
947 948 10.0 421 117
948 917 10.0 316 133
948 947 10.0 438 165
948 949 10.0 477 126
949 918 10.0 436 148
949 948 10.0 335 151
949 950 10.0 423 125
950 919 10.0 407 182
950 949 10.0 416 142
950 951 10.0 349 119
951 920 10.0 335 114
951 950 10.0 464 160
951 952 10.0 344 116
952 921 10.0 366 164
952 951 10.0 432 146
952 953 10.0 412 186
953 922 10.0 389 163
953 952 10.0 466 200
953 954 10.0 425 122
954 923 10.0 399 185
954 953 10.0 435 180
954 955 10.0 296 159
955 924 10.0 275 140
955 954 10.0 431 151
955 956 10.0 404 108
956 925 10.0 282 100
956 955 10.0 419 101
956 957 10.0 451 185
957 926 10.0 306 157
957 956 10.0 348 179
957 958 10.0 470 146
958 927 10.0 296 165
958 957 10.0 375 152
958 959 10.0 417 135
959 928 10.0 282 153
959 958 10.0 359 186
959 960 10.0 332 152
960 929 10.0 208 148
960 959 10.0 334 169
960 961 10.0 316 170
961 930 10.0 289 105
961 960 10.0 277 123
601 850 45
149 92 52
345 188 59
452 33 49
293 945 45
91 748 53
280 768 46
733 570 53
856 172 66
128 205 48
376 570 35
189 433 71
683 538 48
198 465 46
866 339 49
538 283 46
951 345 57
765 608 58
221 931 44
563 500 48
511 89 55
805 520 55
808 566 55
96 246 49
187 944 51
233 538 54
756 289 48
941 961 43
318 855 54
414 371 52
556 452 49
821 445 49
916 414 52
606 919 52
866 697 63
866 535 44
889 672 40
446 856 51
814 558 46
908 736 46
233 340 48
897 368 38
617 137 39
145 431 51
661 328 49
108 566 60
299 762 44
6 387 55
891 734 63
25 850 56
523 493 41
881 550 52
698 450 44
417 242 46
16 576 41
614 824 44
655 778 49
78 650 42
937 202 41
911 837 43
812 250 47
707 418 45
677 72 52
92 314 45
256 376 45
777 76 59
331 759 61
200 949 42
580 123 51
244 824 55
201 782 38
233 210 61
344 637 49
399 907 45
608 105 44
541 142 44
792 153 40
454 375 50
207 257 43
453 774 54
791 455 46
233 320 70
373 802 51
108 207 46
519 448 53
13 324 46
350 832 41
167 821 41
162 656 47
510 796 47
510 473 55
896 1 47
559 570 51
768 107 56
26 686 51
425 907 48
455 364 65
22 793 48
434 532 48
120 389 42
