500 961 3720
1 0 10000
1 10 10
2 10 20
3 10 30
4 10 40
5 10 50
6 10 60
7 10 70
8 10 80
9 10 90
10 10 100
11 10 110
12 10 120
13 10 130
14 10 140
15 10 150
16 10 160
17 10 170
18 10 180
19 10 190
20 10 200
21 10 210
22 10 220
23 10 230
24 10 240
25 10 250
26 10 260
27 10 270
28 10 280
29 10 290
30 10 300
31 10 310
32 20 10
33 20 20
34 20 30
35 20 40
36 20 50
37 20 60
38 20 70
39 20 80
40 20 90
41 20 100
42 20 110
43 20 120
44 20 130
45 20 140
46 20 150
47 20 160
48 20 170
49 20 180
50 20 190
51 20 200
52 20 210
53 20 220
54 20 230
55 20 240
56 20 250
57 20 260
58 20 270
59 20 280
60 20 290
61 20 300
62 20 310
63 30 10
64 30 20
65 30 30
66 30 40
67 30 50
68 30 60
69 30 70
70 30 80
71 30 90
72 30 100
73 30 110
74 30 120
75 30 130
76 30 140
77 30 150
78 30 160
79 30 170
80 30 180
81 30 190
82 30 200
83 30 210
84 30 220
85 30 230
86 30 240
87 30 250
88 30 260
89 30 270
90 30 280
91 30 290
92 30 300
93 30 310
94 40 10
95 40 20
96 40 30
97 40 40
98 40 50
99 40 60
100 40 70
101 40 80
102 40 90
103 40 100
104 40 110
105 40 120
106 40 130
107 40 140
108 40 150
109 40 160
110 40 170
111 40 180
112 40 190
113 40 200
114 40 210
115 40 220
116 40 230
117 40 240
118 40 250
119 40 260
120 40 270
121 40 280
122 40 290
123 40 300
124 40 310
125 50 10
126 50 20
127 50 30
128 50 40
129 50 50
130 50 60
131 50 70
132 50 80
133 50 90
134 50 100
135 50 110
136 50 120
137 50 130
138 50 140
139 50 150
140 50 160
141 50 170
142 50 180
143 50 190
144 50 200
145 50 210
146 50 220
147 50 230
148 50 240
149 50 250
150 50 260
151 50 270
152 50 280
153 50 290
154 50 300
155 50 310
156 60 10
157 60 20
158 60 30
159 60 40
160 60 50
161 60 60
162 60 70
163 60 80
164 60 90
165 60 100
166 60 110
167 60 120
168 60 130
169 60 140
170 60 150
171 60 160
172 60 170
173 60 180
174 60 190
175 60 200
176 60 210
177 60 220
178 60 230
179 60 240
180 60 250
181 60 260
182 60 270
183 60 280
184 60 290
185 60 300
186 60 310
187 70 10
188 70 20
189 70 30
190 70 40
191 70 50
192 70 60
193 70 70
194 70 80
195 70 90
196 70 100
197 70 110
198 70 120
199 70 130
200 70 140
201 70 150
202 70 160
203 70 170
204 70 180
205 70 190
206 70 200
207 70 210
208 70 220
209 70 230
210 70 240
211 70 250
212 70 260
213 70 270
214 70 280
215 70 290
216 70 300
217 70 310
218 80 10
219 80 20
220 80 30
221 80 40
222 80 50
223 80 60
224 80 70
225 80 80
226 80 90
227 80 100
228 80 110
229 80 120
230 80 130
231 80 140
232 80 150
233 80 160
234 80 170
235 80 180
236 80 190
237 80 200
238 80 210
239 80 220
240 80 230
241 80 240
242 80 250
243 80 260
244 80 270
245 80 280
246 80 290
247 80 300
248 80 310
249 90 10
250 90 20
251 90 30
252 90 40
253 90 50
254 90 60
255 90 70
256 90 80
257 90 90
258 90 100
259 90 110
260 90 120
261 90 130
262 90 140
263 90 150
264 90 160
265 90 170
266 90 180
267 90 190
268 90 200
269 90 210
270 90 220
271 90 230
272 90 240
273 90 250
274 90 260
275 90 270
276 90 280
277 90 290
278 90 300
279 90 310
280 100 10
281 100 20
282 100 30
283 100 40
284 100 50
285 100 60
286 100 70
287 100 80
288 100 90
289 100 100
290 100 110
291 100 120
292 100 130
293 100 140
294 100 150
295 100 160
296 100 170
297 100 180
298 100 190
299 100 200
300 100 210
301 100 220
302 100 230
303 100 240
304 100 250
305 100 260
306 100 270
307 100 280
308 100 290
309 100 300
310 100 310
311 110 10
312 110 20
313 110 30
314 110 40
315 110 50
316 110 60
317 110 70
318 110 80
319 110 90
320 110 100
321 110 110
322 110 120
323 110 130
324 110 140
325 110 150
326 110 160
327 110 170
328 110 180
329 110 190
330 110 200
331 110 210
332 110 220
333 110 230
334 110 240
335 110 250
336 110 260
337 110 270
338 110 280
339 110 290
340 110 300
341 110 310
342 120 10
343 120 20
344 120 30
345 120 40
346 120 50
347 120 60
348 120 70
349 120 80
350 120 90
351 120 100
352 120 110
353 120 120
354 120 130
355 120 140
356 120 150
357 120 160
358 120 170
359 120 180
360 120 190
361 120 200
362 120 210
363 120 220
364 120 230
365 120 240
366 120 250
367 120 260
368 120 270
369 120 280
370 120 290
371 120 300
372 120 310
373 130 10
374 130 20
375 130 30
376 130 40
377 130 50
378 130 60
379 130 70
380 130 80
381 130 90
382 130 100
383 130 110
384 130 120
385 130 130
386 130 140
387 130 150
388 130 160
389 130 170
390 130 180
391 130 190
392 130 200
393 130 210
394 130 220
395 130 230
396 130 240
397 130 250
398 130 260
399 130 270
400 130 280
401 130 290
402 130 300
403 130 310
404 140 10
405 140 20
406 140 30
407 140 40
408 140 50
409 140 60
410 140 70
411 140 80
412 140 90
413 140 100
414 140 110
415 140 120
416 140 130
417 140 140
418 140 150
419 140 160
420 140 170
421 140 180
422 140 190
423 140 200
424 140 210
425 140 220
426 140 230
427 140 240
428 140 250
429 140 260
430 140 270
431 140 280
432 140 290
433 140 300
434 140 310
435 150 10
436 150 20
437 150 30
438 150 40
439 150 50
440 150 60
441 150 70
442 150 80
443 150 90
444 150 100
445 150 110
446 150 120
447 150 130
448 150 140
449 150 150
450 150 160
451 150 170
452 150 180
453 150 190
454 150 200
455 150 210
456 150 220
457 150 230
458 150 240
459 150 250
460 150 260
461 150 270
462 150 280
463 150 290
464 150 300
465 150 310
466 160 10
467 160 20
468 160 30
469 160 40
470 160 50
471 160 60
472 160 70
473 160 80
474 160 90
475 160 100
476 160 110
477 160 120
478 160 130
479 160 140
480 160 150
481 160 160
482 160 170
483 160 180
484 160 190
485 160 200
486 160 210
487 160 220
488 160 230
489 160 240
490 160 250
491 160 260
492 160 270
493 160 280
494 160 290
495 160 300
496 160 310
497 170 10
498 170 20
499 170 30
500 170 40
501 170 50
502 170 60
503 170 70
504 170 80
505 170 90
506 170 100
507 170 110
508 170 120
509 170 130
510 170 140
511 170 150
512 170 160
513 170 170
514 170 180
515 170 190
516 170 200
517 170 210
518 170 220
519 170 230
520 170 240
521 170 250
522 170 260
523 170 270
524 170 280
525 170 290
526 170 300
527 170 310
528 180 10
529 180 20
530 180 30
531 180 40
532 180 50
533 180 60
534 180 70
535 180 80
536 180 90
537 180 100
538 180 110
539 180 120
540 180 130
541 180 140
542 180 150
543 180 160
544 180 170
545 180 180
546 180 190
547 180 200
548 180 210
549 180 220
550 180 230
551 180 240
552 180 250
553 180 260
554 180 270
555 180 280
556 180 290
557 180 300
558 180 310
559 190 10
560 190 20
561 190 30
562 190 40
563 190 50
564 190 60
565 190 70
566 190 80
567 190 90
568 190 100
569 190 110
570 190 120
571 190 130
572 190 140
573 190 150
574 190 160
575 190 170
576 190 180
577 190 190
578 190 200
579 190 210
580 190 220
581 190 230
582 190 240
583 190 250
584 190 260
585 190 270
586 190 280
587 190 290
588 190 300
589 190 310
590 200 10
591 200 20
592 200 30
593 200 40
594 200 50
595 200 60
596 200 70
597 200 80
598 200 90
599 200 100
600 200 110
601 200 120
602 200 130
603 200 140
604 200 150
605 200 160
606 200 170
607 200 180
608 200 190
609 200 200
610 200 210
611 200 220
612 200 230
613 200 240
614 200 250
615 200 260
616 200 270
617 200 280
618 200 290
619 200 300
620 200 310
621 210 10
622 210 20
623 210 30
624 210 40
625 210 50
626 210 60
627 210 70
628 210 80
629 210 90
630 210 100
631 210 110
632 210 120
633 210 130
634 210 140
635 210 150
636 210 160
637 210 170
638 210 180
639 210 190
640 210 200
641 210 210
642 210 220
643 210 230
644 210 240
645 210 250
646 210 260
647 210 270
648 210 280
649 210 290
650 210 300
651 210 310
652 220 10
653 220 20
654 220 30
655 220 40
656 220 50
657 220 60
658 220 70
659 220 80
660 220 90
661 220 100
662 220 110
663 220 120
664 220 130
665 220 140
666 220 150
667 220 160
668 220 170
669 220 180
670 220 190
671 220 200
672 220 210
673 220 220
674 220 230
675 220 240
676 220 250
677 220 260
678 220 270
679 220 280
680 220 290
681 220 300
682 220 310
683 230 10
684 230 20
685 230 30
686 230 40
687 230 50
688 230 60
689 230 70
690 230 80
691 230 90
692 230 100
693 230 110
694 230 120
695 230 130
696 230 140
697 230 150
698 230 160
699 230 170
700 230 180
701 230 190
702 230 200
703 230 210
704 230 220
705 230 230
706 230 240
707 230 250
708 230 260
709 230 270
710 230 280
711 230 290
712 230 300
713 230 310
714 240 10
715 240 20
716 240 30
717 240 40
718 240 50
719 240 60
720 240 70
721 240 80
722 240 90
723 240 100
724 240 110
725 240 120
726 240 130
727 240 140
728 240 150
729 240 160
730 240 170
731 240 180
732 240 190
733 240 200
734 240 210
735 240 220
736 240 230
737 240 240
738 240 250
739 240 260
740 240 270
741 240 280
742 240 290
743 240 300
744 240 310
745 250 10
746 250 20
747 250 30
748 250 40
749 250 50
750 250 60
751 250 70
752 250 80
753 250 90
754 250 100
755 250 110
756 250 120
757 250 130
758 250 140
759 250 150
760 250 160
761 250 170
762 250 180
763 250 190
764 250 200
765 250 210
766 250 220
767 250 230
768 250 240
769 250 250
770 250 260
771 250 270
772 250 280
773 250 290
774 250 300
775 250 310
776 260 10
777 260 20
778 260 30
779 260 40
780 260 50
781 260 60
782 260 70
783 260 80
784 260 90
785 260 100
786 260 110
787 260 120
788 260 130
789 260 140
790 260 150
791 260 160
792 260 170
793 260 180
794 260 190
795 260 200
796 260 210
797 260 220
798 260 230
799 260 240
800 260 250
801 260 260
802 260 270
803 260 280
804 260 290
805 260 300
806 260 310
807 270 10
808 270 20
809 270 30
810 270 40
811 270 50
812 270 60
813 270 70
814 270 80
815 270 90
816 270 100
817 270 110
818 270 120
819 270 130
820 270 140
821 270 150
822 270 160
823 270 170
824 270 180
825 270 190
826 270 200
827 270 210
828 270 220
829 270 230
830 270 240
831 270 250
832 270 260
833 270 270
834 270 280
835 270 290
836 270 300
837 270 310
838 280 10
839 280 20
840 280 30
841 280 40
842 280 50
843 280 60
844 280 70
845 280 80
846 280 90
847 280 100
848 280 110
849 280 120
850 280 130
851 280 140
852 280 150
853 280 160
854 280 170
855 280 180
856 280 190
857 280 200
858 280 210
859 280 220
860 280 230
861 280 240
862 280 250
863 280 260
864 280 270
865 280 280
866 280 290
867 280 300
868 280 310
869 290 10
870 290 20
871 290 30
872 290 40
873 290 50
874 290 60
875 290 70
876 290 80
877 290 90
878 290 100
879 290 110
880 290 120
881 290 130
882 290 140
883 290 150
884 290 160
885 290 170
886 290 180
887 290 190
888 290 200
889 290 210
890 290 220
891 290 230
892 290 240
893 290 250
894 290 260
895 290 270
896 290 280
897 290 290
898 290 300
899 290 310
900 300 10
901 300 20
902 300 30
903 300 40
904 300 50
905 300 60
906 300 70
907 300 80
908 300 90
909 300 100
910 300 110
911 300 120
912 300 130
913 300 140
914 300 150
915 300 160
916 300 170
917 300 180
918 300 190
919 300 200
920 300 210
921 300 220
922 300 230
923 300 240
924 300 250
925 300 260
926 300 270
927 300 280
928 300 290
929 300 300
930 300 310
931 310 10
932 310 20
933 310 30
934 310 40
935 310 50
936 310 60
937 310 70
938 310 80
939 310 90
940 310 100
941 310 110
942 310 120
943 310 130
944 310 140
945 310 150
946 310 160
947 310 170
948 310 180
949 310 190
950 310 200
951 310 210
952 310 220
953 310 230
954 310 240
955 310 250
956 310 260
957 310 270
958 310 280
959 310 290
960 310 300
961 310 310
1 2 10.0 1057 109
1 32 10.0 1160 131
2 1 10.0 1252 183
2 3 10.0 1191 146
2 33 10.0 1159 121
3 2 10.0 1598 120
3 4 10.0 1462 136
3 34 10.0 1184 160
4 3 10.0 1916 146
4 5 10.0 1477 112
4 35 10.0 1228 126
5 4 10.0 1685 194
5 6 10.0 1519 104
5 36 10.0 1455 142
6 5 10.0 1769 115
6 7 10.0 1766 139
6 37 10.0 1592 174
7 6 10.0 2040 129
7 8 10.0 1642 141
7 38 10.0 1558 134
8 7 10.0 1887 129
8 9 10.0 1836 107
8 39 10.0 1630 176
9 8 10.0 1983 118
9 10 10.0 1874 152
9 40 10.0 1701 179
10 9 10.0 2127 107
10 11 10.0 2099 161
10 41 10.0 1553 174
11 10 10.0 2110 112
11 12 10.0 2165 183
11 42 10.0 1928 153
12 11 10.0 2195 131
12 13 10.0 2180 122
12 43 10.0 1818 192
13 12 10.0 2323 176
13 14 10.0 2083 168
13 44 10.0 1688 128
14 13 10.0 2203 138
14 15 10.0 2155 102
14 45 10.0 1662 133
15 14 10.0 2117 134
15 16 10.0 2278 196
15 46 10.0 1563 192
16 15 10.0 2087 126
16 17 10.0 2219 179
16 47 10.0 1670 179
17 16 10.0 2134 184
17 18 10.0 2033 142
17 48 10.0 1721 166
18 17 10.0 2054 119
18 19 10.0 2076 188
18 49 10.0 1925 154
19 18 10.0 2011 131
19 20 10.0 2064 183
19 50 10.0 1694 107
20 19 10.0 1982 192
20 21 10.0 1919 116
20 51 10.0 1861 183
21 20 10.0 2229 123
21 22 10.0 2006 104
21 52 10.0 1753 191
22 21 10.0 2184 182
22 23 10.0 1701 117
22 53 10.0 1759 187
23 22 10.0 2155 138
23 24 10.0 1879 106
23 54 10.0 1423 139
24 23 10.0 1950 122
24 25 10.0 1902 132
24 55 10.0 1400 139
25 24 10.0 1622 167
25 26 10.0 1743 186
25 56 10.0 1518 100
26 25 10.0 1594 154
26 27 10.0 1750 181
26 57 10.0 1402 115
27 26 10.0 1635 142
27 28 10.0 1662 173
27 58 10.0 1403 169
28 27 10.0 1491 200
28 29 10.0 1523 116
28 59 10.0 1370 163
29 28 10.0 1603 136
29 30 10.0 1273 164
29 60 10.0 1318 164
30 29 10.0 1513 128
30 31 10.0 1067 128
30 61 10.0 964 135
31 30 10.0 1147 187
31 62 10.0 1092 106
32 1 10.0 1150 129
32 33 10.0 1009 142
32 63 10.0 1348 163
33 2 10.0 906 190
33 32 10.0 1007 136
33 34 10.0 1241 190
33 64 10.0 1183 172
34 3 10.0 1183 173
34 33 10.0 1143 182
34 35 10.0 1283 194
34 65 10.0 1219 166
35 4 10.0 1379 143
35 34 10.0 1021 158
35 36 10.0 1323 121
35 66 10.0 1241 114
36 5 10.0 1489 113
36 35 10.0 1282 119
36 37 10.0 1371 169
36 67 10.0 1410 117
37 6 10.0 1503 117
37 36 10.0 1582 175
37 38 10.0 1459 136
37 68 10.0 1242 185
38 7 10.0 1630 192
38 37 10.0 1304 117
38 39 10.0 1368 104
38 69 10.0 1614 105
39 8 10.0 1667 170
39 38 10.0 1377 112
39 40 10.0 1561 118
39 70 10.0 1564 150
40 9 10.0 1572 133
40 39 10.0 1589 142
40 41 10.0 1604 138
40 71 10.0 1816 140
41 10 10.0 1838 107
41 40 10.0 1781 130
41 42 10.0 1729 150
41 72 10.0 1485 143
42 11 10.0 1882 196
42 41 10.0 1750 129
42 43 10.0 1843 146
42 73 10.0 1533 128
43 12 10.0 1709 136
43 42 10.0 1541 194
43 44 10.0 1613 189
43 74 10.0 2197 133
44 13 10.0 1630 164
44 43 10.0 1782 115
44 45 10.0 1671 101
44 75 10.0 1636 198
45 14 10.0 1867 163
45 44 10.0 1555 142
45 46 10.0 1646 136
45 76 10.0 1689 117
46 15 10.0 1663 106
46 45 10.0 1773 198
46 47 10.0 1614 146
46 77 10.0 1783 134
47 16 10.0 1511 189
47 46 10.0 1820 110
47 48 10.0 1585 142
47 78 10.0 1670 176
48 17 10.0 1757 190
48 47 10.0 1704 136
48 49 10.0 1783 134
48 79 10.0 1470 191
49 18 10.0 1870 192
49 48 10.0 1610 192
49 50 10.0 1752 183
49 80 10.0 1797 115
50 19 10.0 1716 154
50 49 10.0 1612 186
50 51 10.0 1440 112
50 81 10.0 1778 129
51 20 10.0 1527 158
51 50 10.0 1674 173
51 52 10.0 1648 181
51 82 10.0 1663 170
52 21 10.0 1688 148
52 51 10.0 1587 102
52 53 10.0 1539 111
52 83 10.0 1547 169
53 22 10.0 1375 126
53 52 10.0 1248 172
53 54 10.0 1697 113
53 84 10.0 1799 162
54 23 10.0 1813 146
54 53 10.0 1409 131
54 55 10.0 1556 195
54 85 10.0 1358 163
55 24 10.0 1670 137
55 54 10.0 1171 147
55 56 10.0 1427 196
55 86 10.0 1441 124
56 25 10.0 1464 159
56 55 10.0 1342 129
56 57 10.0 1387 184
56 87 10.0 1400 139
57 26 10.0 1384 152
57 56 10.0 1298 139
57 58 10.0 1294 106
57 88 10.0 1331 181
58 27 10.0 1423 175
58 57 10.0 1225 147
58 59 10.0 1364 135
58 89 10.0 1261 182
59 28 10.0 1197 170
59 58 10.0 1292 134
59 60 10.0 1266 175
59 90 10.0 1230 146
60 29 10.0 1084 148
60 59 10.0 1092 128
60 61 10.0 1168 169
60 91 10.0 1284 111
61 30 10.0 1238 128
61 60 10.0 853 172
61 62 10.0 984 123
61 92 10.0 1078 119
62 31 10.0 1141 191
62 61 10.0 813 104
62 93 10.0 1367 121
63 32 10.0 1333 143
63 64 10.0 1168 158
63 94 10.0 1633 183
64 33 10.0 1042 130
64 63 10.0 1200 164
64 65 10.0 1210 131
64 95 10.0 1331 196
65 34 10.0 1386 193
65 64 10.0 1089 103
65 66 10.0 1237 162
65 96 10.0 1320 152
66 35 10.0 1217 146
66 65 10.0 1377 135
66 67 10.0 1168 107
66 97 10.0 1482 133
67 36 10.0 1125 173
67 66 10.0 1583 154
67 68 10.0 1353 174
67 98 10.0 1274 107
68 37 10.0 1503 171
68 67 10.0 1269 124
68 69 10.0 1487 130
68 99 10.0 1456 164
69 38 10.0 1458 125
69 68 10.0 1557 102
69 70 10.0 1521 132
69 100 10.0 1503 190
70 39 10.0 1679 195
70 69 10.0 1472 133
70 71 10.0 1313 190
70 101 10.0 1682 175
71 40 10.0 1436 119
71 70 10.0 1699 116
71 72 10.0 1711 159
71 102 10.0 1511 198
72 41 10.0 1735 169
72 71 10.0 1329 176
72 73 10.0 1808 158
72 103 10.0 1522 145
73 42 10.0 1787 163
73 72 10.0 1830 150
73 74 10.0 1714 109
73 104 10.0 1543 182
74 43 10.0 1637 181
74 73 10.0 1675 115
74 75 10.0 1902 177
74 105 10.0 1826 200
75 44 10.0 1721 113
75 74 10.0 1623 138
75 76 10.0 1794 189
75 106 10.0 1774 141
76 45 10.0 1844 197
76 75 10.0 1817 100
76 77 10.0 1917 181
76 107 10.0 1471 105
77 46 10.0 1821 116
77 76 10.0 1575 136
77 78 10.0 1822 192
77 108 10.0 1814 193
78 47 10.0 1682 143
78 77 10.0 1754 156
78 79 10.0 1779 175
78 109 10.0 1904 198
79 48 10.0 1811 141
79 78 10.0 1685 176
79 80 10.0 1618 143
79 110 10.0 1578 172
80 49 10.0 1660 190
80 79 10.0 1605 177
80 81 10.0 1605 122
80 111 10.0 1975 101
81 50 10.0 1551 180
81 80 10.0 1768 198
81 82 10.0 1876 114
81 112 10.0 1666 166
82 51 10.0 1646 159
82 81 10.0 1388 122
82 83 10.0 1938 144
82 113 10.0 1657 190
83 52 10.0 1735 147
83 82 10.0 1510 186
83 84 10.0 1485 109
83 114 10.0 1865 111
84 53 10.0 1431 151
84 83 10.0 1562 137
84 85 10.0 1752 199
84 115 10.0 1557 128
85 54 10.0 1890 119
85 84 10.0 1520 191
85 86 10.0 1352 156
85 116 10.0 1489 166
86 55 10.0 1436 120
86 85 10.0 1380 187
86 87 10.0 1419 181
86 117 10.0 1539 155
87 56 10.0 1272 163
87 86 10.0 1391 147
87 88 10.0 1428 118
87 118 10.0 1515 138
88 57 10.0 1221 172
88 87 10.0 1296 195
88 89 10.0 1388 146
88 119 10.0 1420 185
89 58 10.0 1350 171
89 88 10.0 1158 139
89 90 10.0 1451 195
89 120 10.0 1331 100
90 59 10.0 1203 168
90 89 10.0 1388 135
90 91 10.0 1198 129
90 121 10.0 1414 162
91 60 10.0 1223 182
91 90 10.0 1260 194
91 92 10.0 1248 181
91 122 10.0 1383 183
92 61 10.0 1160 133
92 91 10.0 984 138
92 93 10.0 1117 183
92 123 10.0 1200 138
93 62 10.0 1186 109
93 92 10.0 1131 173
93 124 10.0 1557 130
94 63 10.0 1497 182
94 95 10.0 1424 165
94 125 10.0 1613 197
95 64 10.0 1374 199
95 94 10.0 1297 137
95 96 10.0 1221 108
95 126 10.0 1311 152
96 65 10.0 1221 115
96 95 10.0 1200 194
96 97 10.0 1513 149
96 127 10.0 1321 192
97 66 10.0 1148 171
97 96 10.0 1378 117
97 98 10.0 1528 169
97 128 10.0 1300 187
98 67 10.0 1545 111
98 97 10.0 1215 194
98 99 10.0 1400 117
98 129 10.0 1578 153
99 68 10.0 1706 184
99 98 10.0 1385 169
99 100 10.0 1517 104
99 130 10.0 1396 128
100 69 10.0 1369 193
100 99 10.0 1563 147
100 101 10.0 1648 151
100 131 10.0 1603 155
101 70 10.0 1353 116
101 100 10.0 1500 110
101 102 10.0 1752 166
101 132 10.0 1899 126
102 71 10.0 1835 130
102 101 10.0 1582 122
102 103 10.0 1562 123
102 133 10.0 1481 108
103 72 10.0 1478 179
103 102 10.0 1602 192
103 104 10.0 1468 151
103 134 10.0 1709 189
104 73 10.0 1787 119
104 103 10.0 1736 165
104 105 10.0 1678 119
104 135 10.0 1482 122
105 74 10.0 1565 190
105 104 10.0 1747 121
105 106 10.0 1783 103
105 136 10.0 1776 134
106 75 10.0 1647 175
106 105 10.0 1633 111
106 107 10.0 1962 177
106 137 10.0 1864 123
107 76 10.0 1890 134
107 106 10.0 1698 132
107 108 10.0 1923 184
107 138 10.0 1834 124
108 77 10.0 1647 108
108 107 10.0 1881 121
108 109 10.0 2128 100
108 139 10.0 2009 171
109 78 10.0 1897 150
109 108 10.0 1732 154
109 110 10.0 1761 175
109 140 10.0 2177 146
110 79 10.0 1693 156
110 109 10.0 1757 183
110 111 10.0 1988 139
110 141 10.0 1628 143
111 80 10.0 1740 115
111 110 10.0 1709 199
111 112 10.0 1958 175
111 142 10.0 1832 154
112 81 10.0 1917 195
112 111 10.0 1628 185
112 113 10.0 1734 181
112 143 10.0 1935 150
113 82 10.0 1611 164
113 112 10.0 1885 116
113 114 10.0 1738 186
113 144 10.0 1678 109
114 83 10.0 1528 192
114 113 10.0 1691 198
114 115 10.0 1857 157
114 145 10.0 1940 121
115 84 10.0 1450 116
115 114 10.0 1647 180
115 116 10.0 1569 158
115 146 10.0 1852 138
116 85 10.0 1807 195
116 115 10.0 1523 129
116 117 10.0 1376 108
116 147 10.0 1596 154
117 86 10.0 1501 180
117 116 10.0 1568 117
117 118 10.0 1522 137
117 148 10.0 1579 178
118 87 10.0 1525 142
118 117 10.0 1651 177
118 119 10.0 1426 191
118 149 10.0 1807 108
119 88 10.0 1423 104
119 118 10.0 1569 175
119 120 10.0 1398 192
119 150 10.0 1463 194
120 89 10.0 1258 177
120 119 10.0 1450 117
120 121 10.0 1171 180
120 151 10.0 1574 164
121 90 10.0 1262 194
121 120 10.0 1374 100
121 122 10.0 1512 178
121 152 10.0 1320 160
122 91 10.0 1549 128
122 121 10.0 1292 123
122 123 10.0 1293 150
122 153 10.0 1398 151
123 92 10.0 1030 188
123 122 10.0 1372 170
123 124 10.0 1151 188
123 154 10.0 1494 161
124 93 10.0 1349 161
124 123 10.0 1264 191
124 155 10.0 1710 191
125 94 10.0 1597 160
125 126 10.0 1198 124
125 156 10.0 1747 153
126 95 10.0 1250 197
126 125 10.0 1551 130
126 127 10.0 1346 197
126 157 10.0 1405 107
127 96 10.0 1298 127
127 126 10.0 1547 104
127 128 10.0 1388 103
127 158 10.0 1381 136
128 97 10.0 1204 192
128 127 10.0 1447 139
128 129 10.0 1562 118
128 159 10.0 1545 181
129 98 10.0 1500 166
129 128 10.0 1466 161
129 130 10.0 1576 109
129 160 10.0 1604 190
130 99 10.0 1563 168
130 129 10.0 1523 144
130 131 10.0 1511 128
130 161 10.0 1674 131
131 100 10.0 1614 188
131 130 10.0 1794 143
131 132 10.0 1538 158
131 162 10.0 1562 146
132 101 10.0 1587 161
132 131 10.0 1689 159
132 133 10.0 1813 190
132 163 10.0 1681 192
133 102 10.0 1667 159
133 132 10.0 1568 121
133 134 10.0 1834 185
133 164 10.0 1700 148
134 103 10.0 1501 176
134 133 10.0 1755 118
134 135 10.0 1934 162
134 165 10.0 1866 115
135 104 10.0 2016 154
135 134 10.0 1556 195
135 136 10.0 1846 168
135 166 10.0 1699 181
136 105 10.0 1729 181
136 135 10.0 1909 198
136 137 10.0 1977 138
136 167 10.0 1949 100
137 106 10.0 1847 102
137 136 10.0 1916 108
137 138 10.0 1743 107
137 168 10.0 2162 155
138 107 10.0 2099 122
138 137 10.0 2151 169
138 139 10.0 1723 119
138 169 10.0 1640 162
139 108 10.0 2028 147
139 138 10.0 1856 149
139 140 10.0 1725 181
139 170 10.0 1937 181
140 109 10.0 1637 150
140 139 10.0 1821 138
140 141 10.0 2240 120
140 171 10.0 1838 113
141 110 10.0 1975 122
141 140 10.0 1882 186
141 142 10.0 1850 192
141 172 10.0 1680 162
142 111 10.0 1614 106
142 141 10.0 1803 114
142 143 10.0 1673 155
142 173 10.0 2093 198
143 112 10.0 1959 101
143 142 10.0 1773 161
143 144 10.0 1763 151
143 174 10.0 1855 110
144 113 10.0 1901 133
144 143 10.0 1915 182
144 145 10.0 1661 133
144 175 10.0 1745 138
145 114 10.0 1645 175
145 144 10.0 1944 139
145 146 10.0 1600 107
145 176 10.0 1946 118
146 115 10.0 1590 111
146 145 10.0 1743 103
146 147 10.0 1945 138
146 177 10.0 1653 188
147 116 10.0 1693 182
147 146 10.0 1565 176
147 148 10.0 1746 169
147 178 10.0 1741 117
148 117 10.0 1662 142
148 147 10.0 1573 174
148 149 10.0 1813 164
148 179 10.0 1403 196
149 118 10.0 1853 199
149 148 10.0 1687 126
149 150 10.0 1596 135
149 180 10.0 1835 174
150 119 10.0 1590 102
150 149 10.0 1532 182
150 151 10.0 1666 174
150 181 10.0 1639 180
151 120 10.0 1291 166
151 150 10.0 1671 122
151 152 10.0 1635 154
151 182 10.0 1580 114
152 121 10.0 1508 121
152 151 10.0 1420 131
152 153 10.0 1562 155
152 183 10.0 1546 165
153 122 10.0 1331 135
153 152 10.0 1453 200
153 154 10.0 1320 194
153 184 10.0 1588 147
154 123 10.0 1327 100
154 153 10.0 1384 102
154 155 10.0 1436 125
154 185 10.0 1614 139
155 124 10.0 1585 133
155 154 10.0 1466 142
155 186 10.0 1925 123
156 125 10.0 1547 148
156 157 10.0 1667 135
156 187 10.0 1821 104
157 126 10.0 1548 130
157 156 10.0 1423 135
157 158 10.0 1657 170
157 188 10.0 1322 121
158 127 10.0 1465 182
158 157 10.0 1365 120
158 159 10.0 1523 162
158 189 10.0 1484 150
159 128 10.0 1464 105
159 158 10.0 1412 181
159 160 10.0 1553 169
159 190 10.0 1722 186
160 129 10.0 1500 184
160 159 10.0 1538 149
160 161 10.0 1523 185
160 191 10.0 1669 131
161 130 10.0 1378 126
161 160 10.0 1537 164
161 162 10.0 1785 194
161 192 10.0 1639 183
162 131 10.0 1672 137
162 161 10.0 1416 126
162 163 10.0 1803 175
162 193 10.0 1842 140
163 132 10.0 1768 183
163 162 10.0 1796 141
163 164 10.0 1754 186
163 194 10.0 1669 130
164 133 10.0 1697 199
164 163 10.0 1765 179
164 165 10.0 1731 163
164 195 10.0 1805 103
165 134 10.0 1901 106
165 164 10.0 1721 169
165 166 10.0 1845 186
165 196 10.0 1683 150
166 135 10.0 1920 101
166 165 10.0 1910 190
166 167 10.0 1636 170
166 197 10.0 1874 196
167 136 10.0 1940 156
167 166 10.0 2011 166
167 168 10.0 1949 179
167 198 10.0 1837 123
168 137 10.0 1764 156
168 167 10.0 1973 136
168 169 10.0 2010 190
168 199 10.0 2012 164
169 138 10.0 2007 152
169 168 10.0 1815 177
169 170 10.0 1598 163
169 200 10.0 1868 123
170 139 10.0 2097 101
170 169 10.0 2014 148
170 171 10.0 1815 122
170 201 10.0 1728 194
171 140 10.0 1734 140
171 170 10.0 1927 159
171 172 10.0 1781 111
171 202 10.0 1903 186
172 141 10.0 1696 120
172 171 10.0 1831 160
172 173 10.0 1896 114
172 203 10.0 1958 187
173 142 10.0 1884 135
173 172 10.0 1866 137
173 174 10.0 1880 193
173 204 10.0 1898 191
174 143 10.0 1677 183
174 173 10.0 1876 119
174 175 10.0 1773 138
174 205 10.0 2064 107
175 144 10.0 1801 172
175 174 10.0 1766 148
175 176 10.0 1797 143
175 206 10.0 1798 162
176 145 10.0 1762 101
176 175 10.0 1730 117
176 177 10.0 1736 198
176 207 10.0 2027 105
177 146 10.0 1965 157
177 176 10.0 1723 121
177 178 10.0 1507 176
177 208 10.0 1852 184
178 147 10.0 1611 170
178 177 10.0 1725 123
178 179 10.0 1983 160
178 209 10.0 1783 183
179 148 10.0 1503 119
179 178 10.0 1762 122
179 180 10.0 1698 162
179 210 10.0 1795 166
180 149 10.0 1781 198
180 179 10.0 1680 161
180 181 10.0 1758 165
180 211 10.0 1837 147
181 150 10.0 1666 135
181 180 10.0 1781 154
181 182 10.0 1590 192
181 212 10.0 1739 150
182 151 10.0 1579 149
182 181 10.0 1631 155
182 183 10.0 1622 157
182 213 10.0 1522 153
183 152 10.0 1583 168
183 182 10.0 1507 113
183 184 10.0 1424 146
183 214 10.0 1493 102
184 153 10.0 1413 139
184 183 10.0 1224 143
184 185 10.0 1397 142
184 215 10.0 1733 116
185 154 10.0 1420 106
185 184 10.0 1355 126
185 186 10.0 1571 155
185 216 10.0 1412 154
186 155 10.0 1822 163
186 185 10.0 1315 200
186 217 10.0 2212 155
187 156 10.0 1761 101
187 188 10.0 1510 190
187 218 10.0 1899 184
188 157 10.0 1405 149
188 187 10.0 1508 160
188 189 10.0 1445 126
188 219 10.0 1618 170
189 158 10.0 1520 198
189 188 10.0 1644 197
189 190 10.0 1361 125
189 220 10.0 1620 129
190 159 10.0 1428 184
190 189 10.0 1757 101
190 191 10.0 1671 135
190 221 10.0 1589 180
191 160 10.0 1563 120
191 190 10.0 1645 126
191 192 10.0 1907 107
191 222 10.0 1585 114
192 161 10.0 1644 100
192 191 10.0 1676 120
192 193 10.0 1817 168
192 223 10.0 1784 154
193 162 10.0 1634 126
193 192 10.0 1685 153
193 194 10.0 1645 103
193 224 10.0 1874 119
194 163 10.0 1765 172
194 193 10.0 1800 107
194 195 10.0 1704 108
194 225 10.0 2001 100
195 164 10.0 1827 158
195 194 10.0 2049 167
195 196 10.0 1894 157
195 226 10.0 1770 113
196 165 10.0 1628 191
196 195 10.0 1898 152
196 197 10.0 1765 174
196 227 10.0 2157 127
197 166 10.0 1778 104
197 196 10.0 1866 185
197 198 10.0 1758 161
197 228 10.0 1881 126
198 167 10.0 2074 186
198 197 10.0 1833 108
198 199 10.0 1816 174
198 229 10.0 1855 143
199 168 10.0 1845 178
199 198 10.0 1892 177
199 200 10.0 1877 189
199 230 10.0 2033 190
200 169 10.0 1784 182
200 199 10.0 2155 178
200 201 10.0 1954 174
200 231 10.0 1902 135
201 170 10.0 2252 185
201 200 10.0 1826 111
201 202 10.0 1824 194
201 232 10.0 2054 128
202 171 10.0 1779 149
202 201 10.0 1977 158
202 203 10.0 1777 111
202 233 10.0 2307 114
203 172 10.0 2049 165
203 202 10.0 2199 144
203 204 10.0 1992 139
203 234 10.0 1634 152
204 173 10.0 1794 140
204 203 10.0 1982 101
204 205 10.0 1988 106
204 235 10.0 1925 125
205 174 10.0 1801 188
205 204 10.0 1877 199
205 206 10.0 2036 105
205 236 10.0 2083 135
206 175 10.0 1906 173
206 205 10.0 1809 106
206 207 10.0 1615 133
206 237 10.0 1956 117
207 176 10.0 1747 189
207 206 10.0 1730 171
207 208 10.0 2018 104
207 238 10.0 1897 117
208 177 10.0 1904 103
208 207 10.0 1882 131
208 209 10.0 2156 186
208 239 10.0 1783 181
209 178 10.0 2124 102
209 208 10.0 1876 186
209 210 10.0 1783 116
209 240 10.0 1966 106
210 179 10.0 1737 136
210 209 10.0 1772 102
210 211 10.0 1594 180
210 241 10.0 2041 195
211 180 10.0 1796 153
211 210 10.0 1869 145
211 212 10.0 1822 148
211 242 10.0 1639 104
212 181 10.0 1620 195
212 211 10.0 1837 171
212 213 10.0 1617 183
212 243 10.0 1749 117
213 182 10.0 1711 129
213 212 10.0 1745 181
213 214 10.0 1390 135
213 244 10.0 1603 142
214 183 10.0 1563 181
214 213 10.0 1720 187
214 215 10.0 1451 125
214 245 10.0 1516 188
215 184 10.0 1314 114
215 214 10.0 1610 179
215 216 10.0 1451 148
215 246 10.0 1537 125
216 185 10.0 1561 159
216 215 10.0 1257 131
216 217 10.0 1660 174
216 247 10.0 1522 116
217 186 10.0 1809 119
217 216 10.0 1629 110
217 248 10.0 2342 159
218 187 10.0 1806 190
218 219 10.0 1548 107
218 249 10.0 2256 192
219 188 10.0 1622 108
219 218 10.0 1705 176
219 220 10.0 1555 155
219 250 10.0 1684 112
220 189 10.0 1459 109
220 219 10.0 1598 167
220 221 10.0 1661 126
220 251 10.0 1957 147
221 190 10.0 1718 129
221 220 10.0 1854 134
221 222 10.0 1775 100
221 252 10.0 1634 147
222 191 10.0 1512 148
222 221 10.0 1847 162
222 223 10.0 1935 127
222 253 10.0 1625 168
223 192 10.0 1739 126
223 222 10.0 1815 135
223 224 10.0 1900 186
223 254 10.0 1860 141
224 193 10.0 1585 166
224 223 10.0 1938 137
224 225 10.0 1736 194
224 255 10.0 2046 198
225 194 10.0 1797 130
225 224 10.0 1800 149
225 226 10.0 1772 193
225 256 10.0 1952 170
226 195 10.0 2077 143
226 225 10.0 1950 121
226 227 10.0 1896 173
226 257 10.0 1898 115
227 196 10.0 1789 137
227 226 10.0 2105 161
227 228 10.0 1963 153
227 258 10.0 1851 186
228 197 10.0 1862 163
228 227 10.0 1955 113
228 229 10.0 1962 162
228 259 10.0 1970 199
229 198 10.0 2014 103
229 228 10.0 1834 155
229 230 10.0 2137 169
229 260 10.0 1896 181
230 199 10.0 1721 140
230 229 10.0 1988 194
230 231 10.0 2269 151
230 261 10.0 2106 113
231 200 10.0 2108 152
231 230 10.0 1905 136
231 232 10.0 2269 152
231 262 10.0 1812 145
232 201 10.0 2279 190
232 231 10.0 1945 177
232 233 10.0 2225 163
232 263 10.0 2087 185
233 202 10.0 1976 198
233 232 10.0 2204 173
233 234 10.0 2377 145
233 264 10.0 2052 137
234 203 10.0 2177 135
234 233 10.0 1719 158
234 235 10.0 1981 197
234 265 10.0 1926 179
235 204 10.0 1930 107
235 234 10.0 1848 130
235 236 10.0 1788 101
235 266 10.0 2237 197
236 205 10.0 1917 192
236 235 10.0 1972 183
236 237 10.0 1851 142
236 267 10.0 1868 197
237 206 10.0 1854 103
237 236 10.0 1889 162
237 238 10.0 1731 103
237 268 10.0 2067 148
238 207 10.0 1838 160
238 237 10.0 1803 124
238 239 10.0 1801 131
238 269 10.0 2113 133
239 208 10.0 1839 132
239 238 10.0 1877 115
239 240 10.0 1738 162
239 270 10.0 1991 192
240 209 10.0 1917 140
240 239 10.0 1786 146
240 241 10.0 1721 143
240 271 10.0 1879 135
241 210 10.0 1722 182
241 240 10.0 1888 112
241 242 10.0 1904 124
241 272 10.0 1779 178
242 211 10.0 1792 120
242 241 10.0 1878 143
242 243 10.0 1842 111
242 273 10.0 1923 137
243 212 10.0 1699 113
243 242 10.0 1774 123
243 244 10.0 1898 118
243 274 10.0 1702 161
244 213 10.0 1681 190
244 243 10.0 1646 108
244 245 10.0 1890 165
244 275 10.0 1636 198
245 214 10.0 1650 139
245 244 10.0 1492 171
245 246 10.0 1539 166
245 276 10.0 1865 158
246 215 10.0 1490 159
246 245 10.0 1592 172
246 247 10.0 1586 197
246 277 10.0 1506 179
247 216 10.0 1559 154
247 246 10.0 1592 110
247 248 10.0 1652 144
247 278 10.0 1567 163
248 217 10.0 1913 145
248 247 10.0 1783 156
248 279 10.0 2153 191
249 218 10.0 1945 144
249 250 10.0 1744 132
249 280 10.0 2322 140
250 219 10.0 1819 175
250 249 10.0 1750 107
250 251 10.0 1726 101
250 281 10.0 1722 118
251 220 10.0 1579 128
251 250 10.0 1786 169
251 252 10.0 1827 169
251 282 10.0 1931 100
252 221 10.0 1824 104
252 251 10.0 1659 122
252 253 10.0 1858 177
252 283 10.0 1755 124
253 222 10.0 1715 168
253 252 10.0 1958 136
253 254 10.0 1588 185
253 284 10.0 1796 127
254 223 10.0 1717 118
254 253 10.0 1932 148
254 255 10.0 1618 164
254 285 10.0 1936 186
255 224 10.0 1685 115
255 254 10.0 2035 122
255 256 10.0 1898 120
255 286 10.0 1876 147
256 225 10.0 1686 120
256 255 10.0 2042 197
256 257 10.0 2094 147
256 287 10.0 2232 102
257 226 10.0 2207 122
257 256 10.0 1914 134
257 258 10.0 1829 109
257 288 10.0 1847 141
258 227 10.0 1830 152
258 257 10.0 1997 182
258 259 10.0 1844 116
258 289 10.0 2013 110
259 228 10.0 1936 113
259 258 10.0 1724 139
259 260 10.0 1952 153
259 290 10.0 1845 111
260 229 10.0 2162 189
260 259 10.0 1847 143
260 261 10.0 2047 118
260 291 10.0 1927 136
261 230 10.0 1988 195
261 260 10.0 2090 103
261 262 10.0 1932 126
261 292 10.0 1965 112
262 231 10.0 1991 172
262 261 10.0 1972 199
262 263 10.0 2184 174
262 293 10.0 1921 113
263 232 10.0 2018 191
263 262 10.0 1978 127
263 264 10.0 2032 123
263 294 10.0 2063 153
264 233 10.0 2041 188
264 263 10.0 1957 153
264 265 10.0 2187 173
264 295 10.0 1820 160
265 234 10.0 2050 100
265 264 10.0 1883 157
265 266 10.0 1935 141
265 296 10.0 2172 168
266 235 10.0 1902 128
266 265 10.0 2000 143
266 267 10.0 2113 169
266 297 10.0 1854 170
267 236 10.0 1947 177
267 266 10.0 1764 101
267 268 10.0 2109 114
267 298 10.0 2137 147
268 237 10.0 1950 190
268 267 10.0 1968 164
268 269 10.0 2236 103
268 299 10.0 2039 149
269 238 10.0 2042 168
269 268 10.0 2094 116
269 270 10.0 2079 104
269 300 10.0 2204 133
270 239 10.0 1944 106
270 269 10.0 1997 125
270 271 10.0 2206 136
270 301 10.0 1734 110
271 240 10.0 1881 167
271 270 10.0 1783 110
271 272 10.0 1975 186
271 302 10.0 1949 123
272 241 10.0 1818 190
272 271 10.0 1686 122
272 273 10.0 1579 116
272 303 10.0 2018 197
273 242 10.0 2104 110
273 272 10.0 1661 189
273 274 10.0 1697 107
273 304 10.0 1786 102
274 243 10.0 1730 136
274 273 10.0 1842 155
274 275 10.0 1867 162
274 305 10.0 1588 177
275 244 10.0 1745 142
275 274 10.0 1940 178
275 276 10.0 1404 104
275 306 10.0 1924 110
276 245 10.0 1510 101
276 275 10.0 1693 164
276 277 10.0 1654 122
276 307 10.0 1580 160
277 246 10.0 1533 101
277 276 10.0 1601 191
277 278 10.0 1663 111
277 308 10.0 1670 182
278 247 10.0 1542 139
278 277 10.0 1577 180
278 279 10.0 1744 165
278 309 10.0 1733 156
279 248 10.0 1906 128
279 278 10.0 1693 189
279 310 10.0 2211 110
280 249 10.0 2092 122
280 281 10.0 1834 194
280 311 10.0 2143 156
281 250 10.0 1674 108
281 280 10.0 1749 105
281 282 10.0 1723 149
281 312 10.0 1927 159
282 251 10.0 1805 118
282 281 10.0 1787 194
282 283 10.0 1734 148
282 313 10.0 2004 163
283 252 10.0 1799 162
283 282 10.0 1882 194
283 284 10.0 1830 145
283 314 10.0 1903 142
284 253 10.0 1661 137
284 283 10.0 2019 162
284 285 10.0 2041 183
284 315 10.0 1532 165
285 254 10.0 1660 183
285 284 10.0 1820 138
285 286 10.0 1845 138
285 316 10.0 2054 191
286 255 10.0 1843 151
286 285 10.0 1763 198
286 287 10.0 1686 157
286 317 10.0 2136 164
287 256 10.0 2077 194
287 286 10.0 1751 185
287 288 10.0 2076 170
287 318 10.0 1945 101
288 257 10.0 1925 130
288 287 10.0 1954 145
288 289 10.0 1938 124
288 319 10.0 1936 138
289 258 10.0 2178 172
289 288 10.0 1853 104
289 290 10.0 2101 196
289 320 10.0 2088 122
290 259 10.0 1874 113
290 289 10.0 2171 136
290 291 10.0 2022 159
290 321 10.0 1874 145
291 260 10.0 2090 101
291 290 10.0 2270 140
291 292 10.0 1993 140
291 322 10.0 2002 106
292 261 10.0 1842 172
292 291 10.0 2256 135
292 293 10.0 1902 126
292 323 10.0 1981 194
293 262 10.0 2229 133
293 292 10.0 2141 133
293 294 10.0 2111 135
293 324 10.0 2055 123
294 263 10.0 1724 148
294 293 10.0 2439 121
294 295 10.0 2117 151
294 325 10.0 2057 152
295 264 10.0 2085 115
295 294 10.0 1840 109
295 296 10.0 1928 117
295 326 10.0 2056 185
296 265 10.0 1883 157
296 295 10.0 1949 167
296 297 10.0 2156 156
296 327 10.0 1961 134
297 266 10.0 1949 116
297 296 10.0 1893 134
297 298 10.0 2163 165
297 328 10.0 2277 174
298 267 10.0 2054 198
298 297 10.0 2030 197
298 299 10.0 1928 125
298 329 10.0 2214 181
299 268 10.0 1810 142
299 298 10.0 2100 170
299 300 10.0 1820 191
299 330 10.0 2021 180
300 269 10.0 2063 161
300 299 10.0 1891 121
300 301 10.0 2108 189
300 331 10.0 1904 123
301 270 10.0 1945 110
301 300 10.0 1906 159
301 302 10.0 1968 198
301 332 10.0 1982 187
302 271 10.0 1797 136
302 301 10.0 1940 139
302 303 10.0 1922 115
302 333 10.0 1997 200
303 272 10.0 1651 155
303 302 10.0 1911 164
303 304 10.0 1901 191
303 334 10.0 1802 124
304 273 10.0 1921 134
304 303 10.0 1689 130
304 305 10.0 1687 114
304 335 10.0 1948 133
305 274 10.0 1830 165
305 304 10.0 1738 135
305 306 10.0 1763 138
305 336 10.0 1672 198
306 275 10.0 1747 145
306 305 10.0 1842 195
306 307 10.0 1708 134
306 337 10.0 1857 133
307 276 10.0 1722 196
307 306 10.0 1663 173
307 308 10.0 1606 170
307 338 10.0 1668 198
308 277 10.0 1805 102
308 307 10.0 1549 195
308 309 10.0 1602 157
308 339 10.0 1748 149
309 278 10.0 1549 167
309 308 10.0 1497 149
309 310 10.0 1549 142
309 340 10.0 1783 122
310 279 10.0 1981 158
310 309 10.0 1611 152
310 341 10.0 2158 150
311 280 10.0 1817 120
311 312 10.0 1838 145
311 342 10.0 2447 119
312 281 10.0 1694 147
312 311 10.0 1958 197
312 313 10.0 1601 192
312 343 10.0 2037 186
313 282 10.0 1766 125
313 312 10.0 1915 129
313 314 10.0 1860 180
313 344 10.0 1605 160
314 283 10.0 1853 181
314 313 10.0 1926 156
314 315 10.0 1936 192
314 345 10.0 1690 148
315 284 10.0 1832 195
315 314 10.0 1765 179
315 316 10.0 1791 200
315 346 10.0 1894 179
316 285 10.0 1643 116
316 315 10.0 1971 175
316 317 10.0 1818 106
316 347 10.0 1968 149
317 286 10.0 1780 126
317 316 10.0 1860 113
317 318 10.0 1993 161
317 348 10.0 1985 144
318 287 10.0 2064 126
318 317 10.0 2009 159
318 319 10.0 2015 183
318 349 10.0 1806 119
319 288 10.0 1864 123
319 318 10.0 1866 176
319 320 10.0 2012 114
319 350 10.0 2031 158
320 289 10.0 2168 116
320 319 10.0 1742 153
320 321 10.0 1950 181
320 351 10.0 2019 191
321 290 10.0 1706 181
321 320 10.0 2006 116
321 322 10.0 1911 115
321 352 10.0 2084 175
322 291 10.0 2224 146
322 321 10.0 2048 119
322 323 10.0 2168 129
322 353 10.0 1759 151
323 292 10.0 1887 182
323 322 10.0 1977 116
323 324 10.0 2251 106
323 354 10.0 1898 187
324 293 10.0 2200 132
324 323 10.0 1975 165
324 325 10.0 2210 158
324 355 10.0 1940 171
325 294 10.0 2442 137
325 324 10.0 2013 152
325 326 10.0 2198 169
325 356 10.0 1943 199
326 295 10.0 1947 114
326 325 10.0 2225 190
326 327 10.0 2086 143
326 357 10.0 2046 158
327 296 10.0 2039 171
327 326 10.0 2149 101
327 328 10.0 1969 178
327 358 10.0 2289 188
328 297 10.0 2217 175
328 327 10.0 2352 149
328 329 10.0 1858 100
328 359 10.0 2044 133
329 298 10.0 1612 184
329 328 10.0 2278 181
329 330 10.0 1902 182
329 360 10.0 2045 102
330 299 10.0 1896 178
330 329 10.0 1996 199
330 331 10.0 1914 168
330 361 10.0 2194 193
331 300 10.0 2154 173
331 330 10.0 2067 125
331 332 10.0 2075 170
331 362 10.0 1888 119
332 301 10.0 2065 174
332 331 10.0 2136 198
332 333 10.0 1701 160
332 363 10.0 1881 107
333 302 10.0 1770 142
333 332 10.0 2030 106
333 334 10.0 1803 105
333 364 10.0 1816 158
334 303 10.0 1691 107
334 333 10.0 1870 101
334 335 10.0 1905 188
334 365 10.0 1999 102
335 304 10.0 1688 192
335 334 10.0 1728 119
335 336 10.0 1944 160
335 366 10.0 1899 172
336 305 10.0 1897 103
336 335 10.0 1721 121
336 337 10.0 1749 113
336 367 10.0 1919 188
337 306 10.0 1658 190
337 336 10.0 1768 111
337 338 10.0 1939 184
337 368 10.0 1685 150
338 307 10.0 1867 136
338 337 10.0 1623 129
338 339 10.0 1695 131
338 369 10.0 1788 133
339 308 10.0 1936 145
339 338 10.0 1632 109
339 340 10.0 1538 179
339 370 10.0 1691 165
340 309 10.0 1485 127
340 339 10.0 1710 134
340 341 10.0 1604 174
340 371 10.0 1700 125
341 310 10.0 1975 130
341 340 10.0 1537 178
341 372 10.0 2266 132
342 311 10.0 2113 197
342 343 10.0 2117 100
342 373 10.0 2105 123
343 312 10.0 1753 157
343 342 10.0 1625 142
343 344 10.0 1882 153
343 374 10.0 2001 142
344 313 10.0 1722 198
344 343 10.0 1677 102
344 345 10.0 2211 158
344 375 10.0 1646 186
345 314 10.0 1758 134
345 344 10.0 1848 145
345 346 10.0 1657 150
345 376 10.0 2059 145
346 315 10.0 1944 134
346 345 10.0 1904 124
346 347 10.0 1706 106
346 377 10.0 1856 173
347 316 10.0 1710 182
347 346 10.0 1905 190
347 348 10.0 1679 142
347 378 10.0 2071 143
348 317 10.0 1647 175
348 347 10.0 1884 125
348 349 10.0 2096 139
348 379 10.0 1853 168
349 318 10.0 2058 128
349 348 10.0 1726 117
349 350 10.0 2076 128
349 380 10.0 1898 117
350 319 10.0 2203 153
350 349 10.0 2006 153
350 351 10.0 1969 149
350 381 10.0 2243 170
351 320 10.0 1804 112
351 350 10.0 2302 116
351 352 10.0 1884 105
351 382 10.0 1979 100
352 321 10.0 1904 158
352 351 10.0 2129 194
352 353 10.0 2273 153
352 383 10.0 1915 155
353 322 10.0 2088 182
353 352 10.0 1982 115
353 354 10.0 1967 115
353 384 10.0 2092 121
354 323 10.0 1992 143
354 353 10.0 2039 155
354 355 10.0 2154 153
354 385 10.0 1949 160
355 324 10.0 2009 138
355 354 10.0 1825 110
355 356 10.0 2256 129
355 386 10.0 2025 163
356 325 10.0 2001 119
356 355 10.0 1937 120
356 357 10.0 2160 149
356 387 10.0 2089 137
357 326 10.0 1944 143
357 356 10.0 1864 113
357 358 10.0 2023 189
357 388 10.0 2240 114
358 327 10.0 1969 144
358 357 10.0 1961 183
358 359 10.0 2022 126
358 389 10.0 2196 128
359 328 10.0 2003 150
359 358 10.0 2006 101
359 360 10.0 1814 199
359 390 10.0 2290 172
360 329 10.0 1933 103
360 359 10.0 2070 105
360 361 10.0 1957 127
360 391 10.0 1789 187
361 330 10.0 1926 138
361 360 10.0 1857 109
361 362 10.0 2032 119
361 392 10.0 2205 183
362 331 10.0 1982 106
362 361 10.0 1906 107
362 363 10.0 1761 123
362 393 10.0 1989 140
363 332 10.0 1722 102
363 362 10.0 1944 130
363 364 10.0 1961 170
363 394 10.0 1835 189
364 333 10.0 1808 104
364 363 10.0 2174 183
364 365 10.0 1894 190
364 395 10.0 1797 152
365 334 10.0 2137 158
365 364 10.0 1761 133
365 366 10.0 1931 162
365 396 10.0 1796 178
366 335 10.0 1842 159
366 365 10.0 1945 111
366 367 10.0 1997 153
366 397 10.0 1961 192
367 336 10.0 1922 114
367 366 10.0 1755 103
367 368 10.0 1936 138
367 398 10.0 1885 132
368 337 10.0 1835 197
368 367 10.0 1787 182
368 369 10.0 1887 116
368 399 10.0 1798 190
369 338 10.0 1719 128
369 368 10.0 1872 177
369 370 10.0 1830 161
369 400 10.0 1967 189
370 339 10.0 1652 146
370 369 10.0 1794 110
370 371 10.0 1818 142
370 401 10.0 1874 189
371 340 10.0 1643 100
371 370 10.0 1731 180
371 372 10.0 1808 172
371 402 10.0 1767 101
372 341 10.0 2009 143
372 371 10.0 1952 135
372 403 10.0 2161 166
373 342 10.0 2209 179
373 374 10.0 1706 100
373 404 10.0 2286 199
374 343 10.0 1549 104
374 373 10.0 2066 128
374 375 10.0 2051 177
374 405 10.0 1671 175
375 344 10.0 1912 137
375 374 10.0 1731 199
375 376 10.0 1811 141
375 406 10.0 1748 127
376 345 10.0 1560 171
376 375 10.0 1749 194
376 377 10.0 2093 102
376 407 10.0 1940 165
377 346 10.0 2012 144
377 376 10.0 1926 133
377 378 10.0 2082 117
377 408 10.0 1834 132
378 347 10.0 1732 109
378 377 10.0 1861 119
378 379 10.0 2091 152
378 409 10.0 2060 114
379 348 10.0 2059 163
379 378 10.0 1766 160
379 380 10.0 1931 131
379 410 10.0 2029 142
380 349 10.0 1801 186
380 379 10.0 1845 116
380 381 10.0 2179 166
380 411 10.0 2070 173
381 350 10.0 1939 163
381 380 10.0 1958 142
381 382 10.0 1981 122
381 412 10.0 2140 101
382 351 10.0 1878 115
382 381 10.0 1932 106
382 383 10.0 2331 163
382 413 10.0 1941 131
383 352 10.0 2229 113
383 382 10.0 2140 191
383 384 10.0 1993 122
383 414 10.0 2000 163
384 353 10.0 2031 155
384 383 10.0 1913 166
384 385 10.0 1814 176
384 415 10.0 2079 133
385 354 10.0 2221 121
385 384 10.0 1930 112
385 386 10.0 2167 140
385 416 10.0 1619 127
386 355 10.0 2177 112
386 385 10.0 2091 165
386 387 10.0 2055 100
386 417 10.0 2008 150
387 356 10.0 2077 104
387 386 10.0 1953 188
387 388 10.0 2035 145
387 418 10.0 2207 153
388 357 10.0 1798 132
388 387 10.0 2157 176
388 389 10.0 1842 104
388 419 10.0 2257 197
389 358 10.0 1963 147
389 388 10.0 1951 126
389 390 10.0 2236 169
389 420 10.0 1917 108
390 359 10.0 1994 111
390 389 10.0 2031 161
390 391 10.0 2187 167
390 421 10.0 2297 169
391 360 10.0 1918 157
391 390 10.0 1822 122
391 392 10.0 2230 191
391 422 10.0 1841 137
392 361 10.0 1890 148
392 391 10.0 1864 120
392 393 10.0 2232 165
392 423 10.0 2176 175
393 362 10.0 1881 164
393 392 10.0 1708 132
393 394 10.0 2108 135
393 424 10.0 2038 179
394 363 10.0 1740 120
394 393 10.0 1895 194
394 395 10.0 2172 123
394 425 10.0 1925 109
395 364 10.0 2172 140
395 394 10.0 1827 133
395 396 10.0 1903 101
395 426 10.0 2002 119
396 365 10.0 1781 131
396 395 10.0 2137 164
396 397 10.0 1881 189
396 427 10.0 1929 163
397 366 10.0 2140 143
397 396 10.0 2039 158
397 398 10.0 1825 175
397 428 10.0 1772 183
398 367 10.0 1856 172
398 397 10.0 1887 184
398 399 10.0 1957 188
398 429 10.0 1919 122
399 368 10.0 1823 174
399 398 10.0 2037 117
399 400 10.0 1988 198
399 430 10.0 1812 193
400 369 10.0 1855 144
400 399 10.0 1895 146
400 401 10.0 1902 136
400 431 10.0 1898 171
401 370 10.0 1868 166
401 400 10.0 1700 165
401 402 10.0 1835 147
401 432 10.0 1843 115
402 371 10.0 1588 148
402 401 10.0 1773 115
402 403 10.0 1921 193
402 433 10.0 1717 183
403 372 10.0 1990 126
403 402 10.0 1637 105
403 434 10.0 2233 135
404 373 10.0 1929 122
404 405 10.0 1939 142
404 435 10.0 2226 197
405 374 10.0 1933 177
405 404 10.0 1825 120
405 406 10.0 1681 186
405 436 10.0 1569 157
406 375 10.0 1713 187
406 405 10.0 1854 109
406 407 10.0 1569 193
406 437 10.0 1877 182
407 376 10.0 1698 153
407 406 10.0 1906 106
407 408 10.0 1660 122
407 438 10.0 1987 163
408 377 10.0 2056 129
408 407 10.0 1947 196
408 409 10.0 1702 138
408 439 10.0 2032 117
409 378 10.0 1896 195
409 408 10.0 2128 194
409 410 10.0 1748 200
409 440 10.0 1824 106
410 379 10.0 1850 158
410 409 10.0 1995 190
410 411 10.0 1746 131
410 441 10.0 2057 190
411 380 10.0 2004 193
411 410 10.0 2027 164
411 412 10.0 1790 107
411 442 10.0 2018 170
412 381 10.0 1759 100
412 411 10.0 2011 114
412 413 10.0 1870 146
412 443 10.0 2372 120
413 382 10.0 2065 170
413 412 10.0 1905 184
413 414 10.0 1789 133
413 444 10.0 2272 130
414 383 10.0 2111 120
414 413 10.0 2183 170
414 415 10.0 2078 115
414 445 10.0 1688 188
415 384 10.0 1936 122
415 414 10.0 1989 111
415 416 10.0 2216 149
415 446 10.0 2184 123
416 385 10.0 2078 185
416 415 10.0 2137 178
416 417 10.0 1930 126
416 447 10.0 1985 129
417 386 10.0 2265 198
417 416 10.0 2171 169
417 418 10.0 1954 172
417 448 10.0 2146 109
418 387 10.0 2116 132
418 417 10.0 2122 190
418 419 10.0 1939 183
418 449 10.0 2176 130
419 388 10.0 1800 134
419 418 10.0 2424 192
419 420 10.0 1997 168
419 450 10.0 2364 183
420 389 10.0 2074 197
420 419 10.0 2333 111
420 421 10.0 2117 164
420 451 10.0 1644 170
421 390 10.0 2200 195
421 420 10.0 1948 125
421 422 10.0 2025 161
421 452 10.0 1957 140
422 391 10.0 2009 127
422 421 10.0 1861 189
422 423 10.0 2091 192
422 453 10.0 2014 146
423 392 10.0 2063 189
423 422 10.0 2045 143
423 424 10.0 2153 172
423 454 10.0 2037 134
424 393 10.0 1777 198
424 423 10.0 1951 144
424 425 10.0 2238 194
424 455 10.0 2090 166
425 394 10.0 1965 157
425 424 10.0 1876 161
425 426 10.0 2078 102
425 456 10.0 2051 145
426 395 10.0 1882 191
426 425 10.0 1781 142
426 427 10.0 1915 114
426 457 10.0 2348 147
427 396 10.0 1937 115
427 426 10.0 1924 199
427 428 10.0 1988 123
427 458 10.0 1907 191
428 397 10.0 1976 138
428 427 10.0 1708 131
428 429 10.0 1822 176
428 459 10.0 2170 197
429 398 10.0 1883 162
429 428 10.0 1891 150
429 430 10.0 2100 171
429 460 10.0 1829 140
430 399 10.0 2018 108
430 429 10.0 1908 162
430 431 10.0 1810 175
430 461 10.0 1982 100
431 400 10.0 1928 113
431 430 10.0 1988 144
431 432 10.0 1987 158
431 462 10.0 1746 140
432 401 10.0 1692 173
432 431 10.0 2106 173
432 433 10.0 1687 180
432 463 10.0 1946 143
433 402 10.0 1745 132
433 432 10.0 1915 101
433 434 10.0 1685 177
433 464 10.0 1489 181
434 403 10.0 1957 157
434 433 10.0 1628 167
434 465 10.0 2336 115
435 404 10.0 2104 196
435 436 10.0 1943 194
435 466 10.0 2122 162
436 405 10.0 1530 117
436 435 10.0 1776 177
436 437 10.0 1784 167
436 467 10.0 1969 177
437 406 10.0 1773 147
437 436 10.0 1669 160
437 438 10.0 1753 168
437 468 10.0 1780 146
438 407 10.0 1827 103
438 437 10.0 1641 103
438 439 10.0 1863 196
438 469 10.0 2060 127
439 408 10.0 2057 161
439 438 10.0 1923 113
439 440 10.0 1701 115
439 470 10.0 1988 124
440 409 10.0 1703 147
440 439 10.0 1805 191
440 441 10.0 1767 154
440 471 10.0 1862 157
441 410 10.0 1844 183
441 440 10.0 1834 110
441 442 10.0 1981 145
441 472 10.0 1848 120
442 411 10.0 2065 169
442 441 10.0 1880 171
442 443 10.0 1960 136
442 473 10.0 2215 200
443 412 10.0 2181 199
443 442 10.0 2177 153
443 444 10.0 2255 157
443 474 10.0 2019 157
444 413 10.0 2043 125
444 443 10.0 1999 143
444 445 10.0 2216 166
444 475 10.0 2265 108
445 414 10.0 2126 127
445 444 10.0 1947 112
445 446 10.0 2212 159
445 476 10.0 1982 170
446 415 10.0 2044 142
446 445 10.0 2397 153
446 447 10.0 1955 193
446 477 10.0 2197 149
447 416 10.0 2033 130
447 446 10.0 2056 127
447 448 10.0 2182 175
447 478 10.0 1938 162
448 417 10.0 2363 133
448 447 10.0 2053 162
448 449 10.0 2099 159
448 479 10.0 2291 186
449 418 10.0 1985 139
449 448 10.0 2300 200
449 450 10.0 2125 114
449 480 10.0 2241 122
450 419 10.0 2014 101
450 449 10.0 2137 183
450 451 10.0 2230 114
450 481 10.0 2184 180
451 420 10.0 2281 107
451 450 10.0 1909 140
451 452 10.0 2067 178
451 482 10.0 1976 116
452 421 10.0 1855 125
452 451 10.0 2089 187
452 453 10.0 2086 122
452 483 10.0 1972 104
453 422 10.0 1998 130
453 452 10.0 1947 165
453 454 10.0 2019 125
453 484 10.0 2074 169
454 423 10.0 2158 166
454 453 10.0 2161 143
454 455 10.0 2042 114
454 485 10.0 2071 118
455 424 10.0 1887 142
455 454 10.0 2162 118
455 456 10.0 1979 182
455 486 10.0 2046 137
456 425 10.0 1874 146
456 455 10.0 2003 104
456 457 10.0 2126 114
456 487 10.0 2127 125
457 426 10.0 2013 143
457 456 10.0 2171 133
457 458 10.0 1846 154
457 488 10.0 2048 160
458 427 10.0 2032 113
458 457 10.0 1801 200
458 459 10.0 2108 107
458 489 10.0 1775 173
459 428 10.0 2066 110
459 458 10.0 1907 144
459 460 10.0 2074 179
459 490 10.0 2075 122
460 429 10.0 1946 129
460 459 10.0 2043 110
460 461 10.0 1934 113
460 491 10.0 1761 108
461 430 10.0 1809 183
461 460 10.0 2002 111
461 462 10.0 1934 165
461 492 10.0 1883 125
462 431 10.0 1875 158
462 461 10.0 1970 124
462 463 10.0 1823 168
462 493 10.0 1785 118
463 432 10.0 1670 174
463 462 10.0 1792 100
463 464 10.0 1902 124
463 494 10.0 1744 118
464 433 10.0 1793 151
464 463 10.0 1780 107
464 465 10.0 1666 196
464 495 10.0 1707 140
465 434 10.0 1988 123
465 464 10.0 1852 192
465 496 10.0 2386 165
466 435 10.0 2039 179
466 467 10.0 1563 116
466 497 10.0 2176 146
467 436 10.0 1761 177
467 466 10.0 1728 113
467 468 10.0 1788 197
467 498 10.0 1813 193
468 437 10.0 1697 187
468 467 10.0 1796 108
468 469 10.0 1819 146
468 499 10.0 1857 176
469 438 10.0 1870 170
469 468 10.0 1798 108
469 470 10.0 1836 144
469 500 10.0 2082 101
470 439 10.0 1911 185
470 469 10.0 1815 132
470 471 10.0 2105 190
470 501 10.0 1820 151
471 440 10.0 1756 179
471 470 10.0 1975 197
471 472 10.0 2051 143
471 502 10.0 1904 200
472 441 10.0 1819 137
472 471 10.0 1769 105
472 473 10.0 1992 157
472 503 10.0 1952 127
473 442 10.0 1981 103
473 472 10.0 2018 189
473 474 10.0 2123 197
473 504 10.0 2033 175
474 443 10.0 2263 143
474 473 10.0 1774 197
474 475 10.0 2019 113
474 505 10.0 1808 160
475 444 10.0 2049 147
475 474 10.0 1815 158
475 476 10.0 2023 116
475 506 10.0 2197 193
476 445 10.0 2021 101
476 475 10.0 1987 160
476 477 10.0 1855 176
476 507 10.0 2012 162
477 446 10.0 2141 117
477 476 10.0 1974 118
477 478 10.0 2106 100
477 508 10.0 2053 192
478 447 10.0 2291 107
478 477 10.0 2119 101
478 479 10.0 2059 105
478 509 10.0 2079 169
479 448 10.0 2210 119
479 478 10.0 2548 115
479 480 10.0 2073 187
479 510 10.0 1973 118
480 449 10.0 2159 179
480 479 10.0 2205 111
480 481 10.0 2029 146
480 511 10.0 2219 169
481 450 10.0 2175 187
481 480 10.0 2365 138
481 482 10.0 1940 113
481 512 10.0 2094 166
482 451 10.0 2252 146
482 481 10.0 2280 195
482 483 10.0 1919 110
482 513 10.0 1754 189
483 452 10.0 2046 190
483 482 10.0 2413 172
483 484 10.0 1986 178
483 514 10.0 2014 155
484 453 10.0 1707 125
484 483 10.0 2161 117
484 485 10.0 2052 167
484 515 10.0 2000 158
485 454 10.0 2280 122
485 484 10.0 2081 155
485 486 10.0 2071 181
485 516 10.0 1832 107
486 455 10.0 1897 200
486 485 10.0 1943 195
486 487 10.0 1830 155
486 517 10.0 2196 116
487 456 10.0 2021 105
487 486 10.0 1931 183
487 488 10.0 1972 155
487 518 10.0 2117 189
488 457 10.0 1871 156
488 487 10.0 1957 114
488 489 10.0 2336 118
488 519 10.0 1963 108
489 458 10.0 2073 105
489 488 10.0 2158 177
489 490 10.0 1826 109
489 520 10.0 1950 116
490 459 10.0 1880 161
490 489 10.0 1988 133
490 491 10.0 1826 142
490 521 10.0 1934 134
491 460 10.0 1769 130
491 490 10.0 1659 106
491 492 10.0 1734 100
491 522 10.0 1954 180
492 461 10.0 1853 182
492 491 10.0 1733 151
492 493 10.0 1814 143
492 523 10.0 1744 105
493 462 10.0 1959 157
493 492 10.0 1750 183
493 494 10.0 1776 126
493 524 10.0 1733 142
494 463 10.0 1636 185
494 493 10.0 1863 162
494 495 10.0 1795 196
494 525 10.0 1999 103
495 464 10.0 1622 118
495 494 10.0 1759 182
495 496 10.0 1886 157
495 526 10.0 1602 173
496 465 10.0 2240 125
496 495 10.0 1841 128
496 527 10.0 2394 125
497 466 10.0 2036 197
497 498 10.0 1670 191
497 528 10.0 2128 158
498 467 10.0 1768 186
498 497 10.0 1886 152
498 499 10.0 1803 145
498 529 10.0 1507 199
499 468 10.0 1663 111
499 498 10.0 1685 108
499 500 10.0 2089 114
499 530 10.0 1711 140
500 469 10.0 1939 195
500 499 10.0 1805 121
500 501 10.0 1922 190
500 531 10.0 1903 162
501 470 10.0 1759 169
501 500 10.0 1660 134
501 502 10.0 1870 183
501 532 10.0 2120 181
502 471 10.0 1979 174
502 501 10.0 1894 142
502 503 10.0 2037 159
502 533 10.0 1774 171
503 472 10.0 1825 138
503 502 10.0 1943 169
503 504 10.0 1738 144
503 534 10.0 2171 139
504 473 10.0 2134 120
504 503 10.0 1955 145
504 505 10.0 1806 185
504 535 10.0 1832 131
505 474 10.0 1802 152
505 504 10.0 2043 167
505 506 10.0 1804 120
505 536 10.0 2053 127
506 475 10.0 1895 174
506 505 10.0 2195 152
506 507 10.0 1964 167
506 537 10.0 2045 162
507 476 10.0 1930 116
507 506 10.0 2204 179
507 508 10.0 2108 130
507 538 10.0 1926 102
508 477 10.0 2072 104
508 507 10.0 2180 166
508 509 10.0 2144 108
508 539 10.0 2095 193
509 478 10.0 1897 115
509 508 10.0 2000 190
509 510 10.0 2139 131
509 540 10.0 2259 139
510 479 10.0 2210 154
510 509 10.0 2290 194
510 511 10.0 2097 109
510 541 10.0 2224 122
511 480 10.0 1880 178
511 510 10.0 2140 151
511 512 10.0 2009 187
511 542 10.0 2278 149
512 481 10.0 2097 123
512 511 10.0 2107 110
512 513 10.0 2164 114
512 543 10.0 1862 168
513 482 10.0 1944 139
513 512 10.0 1806 160
513 514 10.0 1868 129
513 544 10.0 1943 134
514 483 10.0 2214 191
514 513 10.0 1748 112
514 515 10.0 1914 156
514 545 10.0 2185 122
515 484 10.0 1875 126
515 514 10.0 2123 118
515 516 10.0 2129 153
515 546 10.0 1988 156
516 485 10.0 2345 193
516 515 10.0 1973 122
516 517 10.0 2088 192
516 547 10.0 1803 134
517 486 10.0 1857 110
517 516 10.0 2122 132
517 518 10.0 1909 131
517 548 10.0 2173 169
518 487 10.0 2044 127
518 517 10.0 2044 169
518 519 10.0 1939 112
518 549 10.0 1975 168
519 488 10.0 1894 174
519 518 10.0 1900 159
519 520 10.0 2004 177
519 550 10.0 1903 100
520 489 10.0 1870 150
520 519 10.0 1930 189
520 521 10.0 2168 129
520 551 10.0 1832 149
521 490 10.0 2077 172
521 520 10.0 1851 145
521 522 10.0 2011 164
521 552 10.0 1813 109
522 491 10.0 1842 192
522 521 10.0 1726 121
522 523 10.0 1945 111
522 553 10.0 2050 116
523 492 10.0 1741 144
523 522 10.0 2012 124
523 524 10.0 1911 128
523 554 10.0 1786 152
524 493 10.0 1786 176
524 523 10.0 1899 123
524 525 10.0 1686 181
524 555 10.0 1696 184
525 494 10.0 1968 189
525 524 10.0 1786 175
525 526 10.0 1762 170
525 556 10.0 1787 108
526 495 10.0 1665 142
526 525 10.0 1757 184
526 527 10.0 1718 189
526 557 10.0 1726 147
527 496 10.0 2234 146
527 526 10.0 1835 120
527 558 10.0 2184 106
528 497 10.0 1865 132
528 529 10.0 1688 131
528 559 10.0 2209 105
529 498 10.0 1855 139
529 528 10.0 1736 152
529 530 10.0 1731 155
529 560 10.0 1522 103
530 499 10.0 1753 109
530 529 10.0 1922 114
530 531 10.0 1666 101
530 561 10.0 1801 196
531 500 10.0 1786 142
531 530 10.0 1809 159
531 532 10.0 1675 165
531 562 10.0 2020 124
532 501 10.0 1657 168
532 531 10.0 2131 113
532 533 10.0 2058 123
532 563 10.0 1811 106
533 502 10.0 2078 112
533 532 10.0 1673 186
533 534 10.0 1701 178
533 564 10.0 2244 114
534 503 10.0 1695 194
534 533 10.0 2022 106
534 535 10.0 2008 102
534 565 10.0 1882 182
535 504 10.0 2072 160
535 534 10.0 1843 109
535 536 10.0 1879 126
535 566 10.0 1723 187
536 505 10.0 1869 128
536 535 10.0 1798 106
536 537 10.0 1933 173
536 567 10.0 2248 176
537 506 10.0 1953 151
537 536 10.0 1842 198
537 538 10.0 2157 115
537 568 10.0 1826 191
538 507 10.0 2074 124
538 537 10.0 2008 177
538 539 10.0 1953 132
538 569 10.0 2165 132
539 508 10.0 2166 171
539 538 10.0 1953 122
539 540 10.0 1839 190
539 570 10.0 2145 173
540 509 10.0 1848 137
540 539 10.0 1987 143
540 541 10.0 2035 136
540 571 10.0 2106 136
541 510 10.0 2494 159
541 540 10.0 1886 173
541 542 10.0 2275 164
541 572 10.0 1995 134
542 511 10.0 1960 177
542 541 10.0 1980 191
542 543 10.0 2542 103
542 573 10.0 2309 134
543 512 10.0 2192 123
543 542 10.0 1947 106
543 544 10.0 2201 162
543 574 10.0 2253 155
544 513 10.0 2060 130
544 543 10.0 2110 129
544 545 10.0 2018 102
544 575 10.0 2210 147
545 514 10.0 2018 192
545 544 10.0 2033 200
545 546 10.0 2045 199
545 576 10.0 2100 105
546 515 10.0 2109 148
546 545 10.0 2005 190
546 547 10.0 1977 118
546 577 10.0 2060 108
547 516 10.0 2062 128
547 546 10.0 1909 104
547 548 10.0 2115 140
547 578 10.0 2014 113
548 517 10.0 1772 164
548 547 10.0 2198 196
548 549 10.0 2058 137
548 579 10.0 2149 139
549 518 10.0 1968 194
549 548 10.0 1981 113
549 550 10.0 1948 185
549 580 10.0 2126 122
550 519 10.0 1811 165
550 549 10.0 1936 170
550 551 10.0 1871 142
550 581 10.0 2028 153
551 520 10.0 2122 116
551 550 10.0 2036 163
551 552 10.0 1698 104
551 582 10.0 2116 165
552 521 10.0 1941 135
552 551 10.0 2183 171
552 553 10.0 1895 162
552 583 10.0 1801 147
553 522 10.0 1578 192
553 552 10.0 2410 185
553 554 10.0 1827 194
553 584 10.0 1675 198
554 523 10.0 1933 140
554 553 10.0 1609 137
554 555 10.0 1802 185
554 585 10.0 1853 170
555 524 10.0 1672 176
555 554 10.0 1725 138
555 556 10.0 1774 106
555 586 10.0 1720 191
556 525 10.0 1785 123
556 555 10.0 1655 134
556 557 10.0 1825 167
556 587 10.0 1561 183
557 526 10.0 1589 137
557 556 10.0 1599 102
557 558 10.0 1955 133
557 588 10.0 1795 195
558 527 10.0 2078 197
558 557 10.0 1591 167
558 589 10.0 2323 151
559 528 10.0 2048 185
559 560 10.0 2198 185
559 590 10.0 2108 120
560 529 10.0 1852 178
560 559 10.0 1700 143
560 561 10.0 1777 131
560 591 10.0 1574 197
561 530 10.0 1819 187
561 560 10.0 1545 148
561 562 10.0 1806 148
561 592 10.0 1839 180
562 531 10.0 1754 164
562 561 10.0 1795 173
562 563 10.0 1953 133
562 593 10.0 1910 169
563 532 10.0 2187 199
563 562 10.0 1748 146
563 564 10.0 1774 126
563 594 10.0 1974 166
564 533 10.0 1738 176
564 563 10.0 1974 146
564 565 10.0 1916 191
564 595 10.0 2055 109
565 534 10.0 1868 114
565 564 10.0 1767 184
565 566 10.0 2166 125
565 596 10.0 2092 171
566 535 10.0 1956 149
566 565 10.0 1918 166
566 567 10.0 1904 124
566 597 10.0 2085 118
567 536 10.0 2044 177
567 566 10.0 2083 137
567 568 10.0 2011 104
567 598 10.0 2131 154
568 537 10.0 1755 181
568 567 10.0 2098 137
568 569 10.0 2347 143
568 599 10.0 1747 170
569 538 10.0 2270 154
569 568 10.0 2059 120
569 570 10.0 2010 100
569 600 10.0 2251 175
570 539 10.0 2141 157
570 569 10.0 2029 141
570 571 10.0 2099 158
570 601 10.0 1968 133
571 540 10.0 2015 200
571 570 10.0 2106 152
571 572 10.0 2330 106
571 602 10.0 1832 111
572 541 10.0 2269 168
572 571 10.0 1958 191
572 573 10.0 2057 200
572 603 10.0 2247 151
573 542 10.0 2173 148
573 572 10.0 2108 192
573 574 10.0 2144 181
573 604 10.0 2145 146
574 543 10.0 2177 120
574 573 10.0 2057 162
574 575 10.0 1834 168
574 605 10.0 2450 122
575 544 10.0 2165 173
575 574 10.0 2284 142
575 576 10.0 2229 184
575 606 10.0 1822 106
576 545 10.0 2064 153
576 575 10.0 2313 155
576 577 10.0 2095 192
576 607 10.0 2012 189
577 546 10.0 2071 133
577 576 10.0 2254 157
577 578 10.0 1818 175
577 608 10.0 2260 150
578 547 10.0 2109 153
578 577 10.0 2281 174
578 579 10.0 1956 153
578 609 10.0 1882 176
579 548 10.0 2030 170
579 578 10.0 2169 179
579 580 10.0 2002 151
579 610 10.0 2055 165
580 549 10.0 1985 193
580 579 10.0 2019 116
580 581 10.0 2269 155
580 611 10.0 2147 175
581 550 10.0 1940 153
581 580 10.0 1943 164
581 582 10.0 2197 111
581 612 10.0 2278 143
582 551 10.0 2057 123
582 581 10.0 2032 182
582 583 10.0 1971 134
582 613 10.0 1929 125
583 552 10.0 2051 178
583 582 10.0 1899 102
583 584 10.0 1670 197
583 614 10.0 1930 155
584 553 10.0 1885 106
584 583 10.0 1850 168
584 585 10.0 1914 173
584 615 10.0 1591 165
585 554 10.0 1839 132
585 584 10.0 2062 139
585 586 10.0 1741 140
585 616 10.0 1779 127
586 555 10.0 1680 146
586 585 10.0 1695 161
586 587 10.0 1684 140
586 617 10.0 1716 190
587 556 10.0 1750 138
587 586 10.0 1642 190
587 588 10.0 1679 152
587 618 10.0 1713 165
588 557 10.0 1681 183
588 587 10.0 1824 147
588 589 10.0 1714 190
588 619 10.0 1700 196
589 558 10.0 1939 101
589 588 10.0 1741 126
589 620 10.0 2378 133
590 559 10.0 2181 161
590 591 10.0 1791 113
590 621 10.0 1963 118
591 560 10.0 1501 103
591 590 10.0 1798 131
591 592 10.0 1598 171
591 622 10.0 1681 144
592 561 10.0 1707 151
592 591 10.0 1669 164
592 593 10.0 1794 194
592 623 10.0 1641 188
593 562 10.0 1655 197
593 592 10.0 1676 107
593 594 10.0 1850 143
593 624 10.0 2087 159
594 563 10.0 1861 126
594 593 10.0 1712 143
594 595 10.0 1988 152
594 625 10.0 1892 129
595 564 10.0 2055 120
595 594 10.0 1728 178
595 596 10.0 2166 117
595 626 10.0 2007 182
596 565 10.0 2215 175
596 595 10.0 1951 100
596 597 10.0 2094 199
596 627 10.0 2037 126
597 566 10.0 1955 169
597 596 10.0 2052 107
597 598 10.0 1986 144
597 628 10.0 2076 148
598 567 10.0 1989 109
598 597 10.0 2017 186
598 599 10.0 2008 145
598 629 10.0 1786 106
599 568 10.0 2162 191
599 598 10.0 1960 117
599 600 10.0 1925 103
599 630 10.0 1863 107
600 569 10.0 1896 187
600 599 10.0 2034 188
600 601 10.0 1977 168
600 631 10.0 2113 121
601 570 10.0 2026 139
601 600 10.0 2041 162
601 602 10.0 1992 174
601 632 10.0 1962 122
602 571 10.0 1998 112
602 601 10.0 2077 181
602 603 10.0 2035 144
602 633 10.0 2149 180
603 572 10.0 2077 148
603 602 10.0 2238 177
603 604 10.0 1976 200
603 634 10.0 1992 122
604 573 10.0 2303 193
604 603 10.0 2220 101
604 605 10.0 1889 191
604 635 10.0 1807 114
605 574 10.0 1864 101
605 604 10.0 2042 154
605 606 10.0 2276 182
605 636 10.0 2080 162
606 575 10.0 2277 192
606 605 10.0 1817 140
606 607 10.0 1816 102
606 637 10.0 2459 126
607 576 10.0 1931 115
607 606 10.0 2074 124
607 608 10.0 1912 131
607 638 10.0 2050 123
608 577 10.0 2063 163
608 607 10.0 2160 179
608 609 10.0 2186 101
608 639 10.0 1836 160
609 578 10.0 2223 178
609 608 10.0 1985 175
609 610 10.0 1889 176
609 640 10.0 1878 159
610 579 10.0 2048 172
610 609 10.0 1858 196
610 611 10.0 1979 160
610 641 10.0 2004 133
611 580 10.0 2218 131
611 610 10.0 1926 197
611 612 10.0 1893 106
611 642 10.0 2148 121
612 581 10.0 2075 133
612 611 10.0 2012 143
612 613 10.0 2090 196
612 643 10.0 1870 174
613 582 10.0 1752 182
613 612 10.0 1999 198
613 614 10.0 1785 118
613 644 10.0 1945 198
614 583 10.0 1799 158
614 613 10.0 1893 195
614 615 10.0 2035 157
614 645 10.0 1615 126
615 584 10.0 1841 155
615 614 10.0 1684 159
615 616 10.0 1673 175
615 646 10.0 1925 162
616 585 10.0 1844 181
616 615 10.0 1710 120
616 617 10.0 1667 173
616 647 10.0 1921 197
617 586 10.0 1772 174
617 616 10.0 1960 106
617 618 10.0 1770 142
617 648 10.0 1583 173
618 587 10.0 1637 151
618 617 10.0 1766 153
618 619 10.0 1554 189
618 649 10.0 1762 198
619 588 10.0 1678 129
619 618 10.0 1629 155
619 620 10.0 1618 112
619 650 10.0 1811 153
620 589 10.0 2088 154
620 619 10.0 1887 136
620 651 10.0 2082 112
621 590 10.0 2072 104
621 622 10.0 1839 146
621 652 10.0 1956 192
622 591 10.0 1618 165
622 621 10.0 1639 162
622 623 10.0 1716 155
622 653 10.0 1820 107
623 592 10.0 1664 110
623 622 10.0 1717 127
623 624 10.0 1852 162
623 654 10.0 1661 149
624 593 10.0 1814 178
624 623 10.0 1861 131
624 625 10.0 1822 174
624 655 10.0 1822 190
625 594 10.0 1836 105
625 624 10.0 1778 128
625 626 10.0 1840 116
625 656 10.0 1976 107
626 595 10.0 1902 113
626 625 10.0 1904 200
626 627 10.0 1868 168
626 657 10.0 1824 191
627 596 10.0 1985 105
627 626 10.0 1790 177
627 628 10.0 1764 126
627 658 10.0 1973 160
628 597 10.0 1969 138
628 627 10.0 2011 129
628 629 10.0 1988 168
628 659 10.0 2124 163
629 598 10.0 1789 141
629 628 10.0 2207 199
629 630 10.0 1732 177
629 660 10.0 1860 121
630 599 10.0 2014 151
630 629 10.0 2018 139
630 631 10.0 1981 104
630 661 10.0 1635 179
631 600 10.0 1791 146
631 630 10.0 1869 152
631 632 10.0 2064 108
631 662 10.0 2115 120
632 601 10.0 2118 129
632 631 10.0 2001 135
632 633 10.0 1972 117
632 663 10.0 1991 109
633 602 10.0 2223 150
633 632 10.0 2024 198
633 634 10.0 2206 109
633 664 10.0 1909 182
634 603 10.0 1875 192
634 633 10.0 1879 148
634 635 10.0 2167 168
634 665 10.0 2014 135
635 604 10.0 2081 153
635 634 10.0 1914 148
635 636 10.0 2241 184
635 666 10.0 2131 116
636 605 10.0 2079 179
636 635 10.0 2106 187
636 637 10.0 1978 115
636 667 10.0 2061 160
637 606 10.0 2037 198
637 636 10.0 2030 200
637 638 10.0 2381 184
637 668 10.0 2082 102
638 607 10.0 2152 189
638 637 10.0 2184 165
638 639 10.0 1922 187
638 669 10.0 2060 130
639 608 10.0 1989 178
639 638 10.0 1861 103
639 640 10.0 1900 200
639 670 10.0 2027 148
640 609 10.0 2120 159
640 639 10.0 1891 123
640 641 10.0 1789 196
640 671 10.0 2427 146
641 610 10.0 1925 104
641 640 10.0 2268 147
641 642 10.0 1983 107
641 672 10.0 1914 200
642 611 10.0 1999 175
642 641 10.0 2161 179
642 643 10.0 1859 143
642 673 10.0 2028 161
643 612 10.0 1810 173
643 642 10.0 2257 131
643 644 10.0 1923 159
643 674 10.0 1662 111
644 613 10.0 1643 196
644 643 10.0 2039 138
644 645 10.0 1785 140
644 675 10.0 1922 181
645 614 10.0 1924 148
645 644 10.0 1850 138
645 646 10.0 1764 193
645 676 10.0 1886 130
646 615 10.0 1729 165
646 645 10.0 1935 136
646 647 10.0 2081 110
646 677 10.0 1826 127
647 616 10.0 1816 127
647 646 10.0 1907 124
647 648 10.0 2030 150
647 678 10.0 1746 171
648 617 10.0 1888 152
648 647 10.0 1913 170
648 649 10.0 1553 200
648 679 10.0 1782 147
649 618 10.0 1631 183
649 648 10.0 1579 188
649 650 10.0 1491 170
649 680 10.0 1776 166
650 619 10.0 1612 114
650 649 10.0 1537 182
650 651 10.0 1784 101
650 681 10.0 1640 194
651 620 10.0 1933 179
651 650 10.0 1893 178
651 682 10.0 1955 113
652 621 10.0 2125 124
652 653 10.0 1586 125
652 683 10.0 1785 103
653 622 10.0 1526 122
653 652 10.0 1509 117
653 654 10.0 1628 194
653 684 10.0 1936 182
654 623 10.0 1694 194
654 653 10.0 1687 137
654 655 10.0 1883 197
654 685 10.0 1554 133
655 624 10.0 1603 142
655 654 10.0 1732 133
655 656 10.0 1982 164
655 686 10.0 1777 133
656 625 10.0 1798 178
656 655 10.0 1900 181
656 657 10.0 1865 197
656 687 10.0 2053 143
657 626 10.0 1953 138
657 656 10.0 1829 178
657 658 10.0 1850 174
657 688 10.0 1666 189
658 627 10.0 1628 119
658 657 10.0 1808 133
658 659 10.0 2121 101
658 689 10.0 1893 112
659 628 10.0 1967 133
659 658 10.0 1933 164
659 660 10.0 2053 107
659 690 10.0 2012 137
660 629 10.0 1844 125
660 659 10.0 1937 194
660 661 10.0 1935 161
660 691 10.0 1821 171
661 630 10.0 2025 122
661 660 10.0 1749 185
661 662 10.0 1852 118
661 692 10.0 1856 107
662 631 10.0 1795 118
662 661 10.0 2056 185
662 663 10.0 1717 185
662 693 10.0 2024 101
663 632 10.0 1910 169
663 662 10.0 1716 174
663 664 10.0 2268 156
663 694 10.0 1926 157
664 633 10.0 2302 185
664 663 10.0 2129 123
664 665 10.0 1925 192
664 695 10.0 1881 131
665 634 10.0 1724 142
665 664 10.0 2238 153
665 666 10.0 2051 131
665 696 10.0 2120 153
666 635 10.0 2124 106
666 665 10.0 2089 162
666 667 10.0 1899 139
666 697 10.0 2146 112
667 636 10.0 1888 190
667 666 10.0 2068 123
667 668 10.0 2072 103
667 698 10.0 2262 151
668 637 10.0 1961 160
668 667 10.0 2436 197
668 669 10.0 2015 110
668 699 10.0 1927 191
669 638 10.0 1995 158
669 668 10.0 2194 154
669 670 10.0 2069 157
669 700 10.0 1970 177
670 639 10.0 2175 157
670 669 10.0 2098 155
670 671 10.0 1931 174
670 701 10.0 2113 102
671 640 10.0 2152 131
671 670 10.0 1906 149
671 672 10.0 2074 157
671 702 10.0 2010 146
672 641 10.0 2145 124
672 671 10.0 1904 188
672 673 10.0 1815 155
672 703 10.0 1873 119
673 642 10.0 1907 188
673 672 10.0 1954 173
673 674 10.0 2044 185
673 704 10.0 1929 143
674 643 10.0 1878 102
674 673 10.0 2042 108
674 675 10.0 1817 146
674 705 10.0 1774 165
675 644 10.0 1673 117
675 674 10.0 1888 109
675 676 10.0 1911 162
675 706 10.0 1617 159
676 645 10.0 2043 110
676 675 10.0 1749 166
676 677 10.0 1850 163
676 707 10.0 1806 134
677 646 10.0 1894 156
677 676 10.0 1659 115
677 678 10.0 1868 108
677 708 10.0 1683 192
678 647 10.0 1644 105
678 677 10.0 1730 155
678 679 10.0 2002 194
678 709 10.0 1760 198
679 648 10.0 1794 112
679 678 10.0 1814 149
679 680 10.0 1806 167
679 710 10.0 1510 183
680 649 10.0 1538 115
680 679 10.0 1736 176
680 681 10.0 1613 171
680 711 10.0 1697 160
681 650 10.0 1460 125
681 680 10.0 1416 177
681 682 10.0 1668 174
681 712 10.0 1600 188
682 651 10.0 1851 184
682 681 10.0 1456 105
682 713 10.0 1932 126
683 652 10.0 2138 131
683 684 10.0 1653 157
683 714 10.0 1756 184
684 653 10.0 1499 155
684 683 10.0 1729 128
684 685 10.0 1761 197
684 715 10.0 1574 150
685 654 10.0 1794 183
685 684 10.0 1553 184
685 686 10.0 1696 147
685 716 10.0 1788 178
686 655 10.0 1556 186
686 685 10.0 1892 132
686 687 10.0 1560 161
686 717 10.0 1875 126
687 656 10.0 1852 101
687 686 10.0 2043 193
687 688 10.0 1686 143
687 718 10.0 1723 108
688 657 10.0 1821 145
688 687 10.0 1837 176
688 689 10.0 1586 112
688 719 10.0 1902 136
689 658 10.0 1612 198
689 688 10.0 2062 121
689 690 10.0 1737 138
689 720 10.0 1814 197
690 659 10.0 1723 139
690 689 10.0 1989 131
690 691 10.0 1887 157
690 721 10.0 1984 102
691 660 10.0 1810 154
691 690 10.0 2094 162
691 692 10.0 2064 178
691 722 10.0 1825 194
692 661 10.0 1797 172
692 691 10.0 2182 143
692 693 10.0 1933 197
692 723 10.0 1914 189
693 662 10.0 1977 138
693 692 10.0 2006 173
693 694 10.0 2143 165
693 724 10.0 1810 130
694 663 10.0 2034 137
694 693 10.0 1806 158
694 695 10.0 2002 181
694 725 10.0 2202 176
695 664 10.0 1824 175
695 694 10.0 2087 112
695 696 10.0 2038 151
695 726 10.0 1978 128
696 665 10.0 2077 100
696 695 10.0 2199 112
696 697 10.0 1939 188
696 727 10.0 1912 153
697 666 10.0 2113 146
697 696 10.0 1972 161
697 698 10.0 1904 147
697 728 10.0 2157 189
698 667 10.0 1925 123
698 697 10.0 2058 130
698 699 10.0 2026 184
698 729 10.0 2295 178
699 668 10.0 1980 161
699 698 10.0 2266 140
699 700 10.0 1744 170
699 730 10.0 1995 130
700 669 10.0 2022 177
700 699 10.0 1961 171
700 701 10.0 1851 131
700 731 10.0 1822 185
701 670 10.0 2168 190
701 700 10.0 2045 106
701 702 10.0 1864 191
701 732 10.0 1948 166
702 671 10.0 1967 150
702 701 10.0 1938 100
702 703 10.0 2049 196
702 733 10.0 2047 194
703 672 10.0 1917 196
703 702 10.0 1995 200
703 704 10.0 1883 105
703 734 10.0 1752 138
704 673 10.0 1881 143
704 703 10.0 2086 155
704 705 10.0 1892 146
704 735 10.0 1794 185
705 674 10.0 1965 115
705 704 10.0 1755 135
705 706 10.0 1912 105
705 736 10.0 1789 190
706 675 10.0 1727 150
706 705 10.0 1918 154
706 707 10.0 1969 112
706 737 10.0 1764 195
707 676 10.0 2100 185
707 706 10.0 1762 100
707 708 10.0 1963 197
707 738 10.0 1659 133
708 677 10.0 1731 135
708 707 10.0 1699 121
708 709 10.0 1613 127
708 739 10.0 1769 109
709 678 10.0 1596 133
709 708 10.0 1670 108
709 710 10.0 1826 112
709 740 10.0 1622 179
710 679 10.0 1514 128
710 709 10.0 1538 160
710 711 10.0 1677 122
710 741 10.0 1796 125
711 680 10.0 1612 165
711 710 10.0 1717 158
711 712 10.0 1414 189
711 742 10.0 1692 177
712 681 10.0 1537 117
712 711 10.0 1705 184
712 713 10.0 1632 189
712 743 10.0 1646 186
713 682 10.0 1688 150
713 712 10.0 1653 121
713 744 10.0 1955 121
714 683 10.0 1986 155
714 715 10.0 1323 156
714 745 10.0 1960 175
715 684 10.0 1581 199
715 714 10.0 1648 199
715 716 10.0 1315 120
715 746 10.0 1418 121
716 685 10.0 1549 132
716 715 10.0 1775 108
716 717 10.0 1476 161
716 747 10.0 1418 161
717 686 10.0 1457 166
717 716 10.0 1813 126
717 718 10.0 1717 197
717 748 10.0 1730 131
718 687 10.0 2016 140
718 717 10.0 1703 127
718 719 10.0 1428 126
718 749 10.0 1659 178
719 688 10.0 1814 148
719 718 10.0 1720 137
719 720 10.0 1770 172
719 750 10.0 1497 187
720 689 10.0 1687 171
720 719 10.0 1697 108
720 721 10.0 1736 134
720 751 10.0 1806 135
721 690 10.0 1558 175
721 720 10.0 1820 122
721 722 10.0 2041 117
721 752 10.0 1718 166
722 691 10.0 1841 174
722 721 10.0 1829 169
722 723 10.0 1878 113
722 753 10.0 1855 157
723 692 10.0 2130 189
723 722 10.0 1774 153
723 724 10.0 1891 157
723 754 10.0 1865 191
724 693 10.0 2128 140
724 723 10.0 1994 140
724 725 10.0 1875 179
724 755 10.0 1820 141
725 694 10.0 1847 193
725 724 10.0 2102 131
725 726 10.0 1815 176
725 756 10.0 2036 116
726 695 10.0 1969 145
726 725 10.0 1973 135
726 727 10.0 1844 175
726 757 10.0 1818 193
727 696 10.0 1928 185
727 726 10.0 1824 168
727 728 10.0 1949 198
727 758 10.0 2023 103
728 697 10.0 2171 150
728 727 10.0 1951 145
728 729 10.0 1877 188
728 759 10.0 2099 182
729 698 10.0 1748 187
729 728 10.0 1934 180
729 730 10.0 2130 162
729 760 10.0 2080 181
730 699 10.0 2104 170
730 729 10.0 1795 185
730 731 10.0 2025 128
730 761 10.0 1984 193
731 700 10.0 2036 141
731 730 10.0 1818 132
731 732 10.0 1950 180
731 762 10.0 1824 135
732 701 10.0 2097 188
732 731 10.0 1854 186
732 733 10.0 1933 143
732 763 10.0 1938 189
733 702 10.0 2093 122
733 732 10.0 1859 153
733 734 10.0 1782 145
733 764 10.0 1913 147
734 703 10.0 1618 184
734 733 10.0 1994 103
734 735 10.0 1877 150
734 765 10.0 1721 150
735 704 10.0 2025 128
735 734 10.0 1815 131
735 736 10.0 1833 169
735 766 10.0 1753 183
736 705 10.0 1869 195
736 735 10.0 1880 153
736 737 10.0 1866 147
736 767 10.0 1634 168
737 706 10.0 2010 174
737 736 10.0 1732 121
737 738 10.0 1864 160
737 768 10.0 1879 159
738 707 10.0 1879 147
738 737 10.0 1950 133
738 739 10.0 1689 153
738 769 10.0 1684 146
739 708 10.0 1482 166
739 738 10.0 2118 130
739 740 10.0 1895 195
739 770 10.0 1655 192
740 709 10.0 1766 101
740 739 10.0 1698 146
740 741 10.0 1752 100
740 771 10.0 1412 185
741 710 10.0 1552 175
741 740 10.0 1468 188
741 742 10.0 1664 103
741 772 10.0 1646 155
742 711 10.0 1515 146
742 741 10.0 1524 136
742 743 10.0 1659 179
742 773 10.0 1709 196
743 712 10.0 1857 147
743 742 10.0 1509 148
743 744 10.0 1720 146
743 774 10.0 1321 120
744 713 10.0 1727 189
744 743 10.0 1794 126
744 775 10.0 1999 197
745 714 10.0 1967 117
745 746 10.0 1630 119
745 776 10.0 1707 126
746 715 10.0 1322 120
746 745 10.0 1409 195
746 747 10.0 1527 117
746 777 10.0 1368 186
747 716 10.0 1337 173
747 746 10.0 1177 106
747 748 10.0 1638 108
747 778 10.0 1524 142
748 717 10.0 1565 101
748 747 10.0 1467 160
748 749 10.0 1649 187
748 779 10.0 1622 117
749 718 10.0 1704 121
749 748 10.0 1587 192
749 750 10.0 1656 157
749 780 10.0 1748 118
750 719 10.0 1721 136
750 749 10.0 1690 138
750 751 10.0 1586 126
750 781 10.0 1460 184
751 720 10.0 1527 106
751 750 10.0 1594 133
751 752 10.0 1721 149
751 782 10.0 1739 189
752 721 10.0 1646 172
752 751 10.0 1592 177
752 753 10.0 1914 129
752 783 10.0 1797 175
753 722 10.0 1907 182
753 752 10.0 1696 172
753 754 10.0 1697 130
753 784 10.0 1840 175
754 723 10.0 1838 150
754 753 10.0 1971 152
754 755 10.0 1919 143
754 785 10.0 1834 119
755 724 10.0 1990 123
755 754 10.0 2023 123
755 756 10.0 1896 178
755 786 10.0 1798 195
756 725 10.0 1864 118
756 755 10.0 1888 150
756 757 10.0 2064 117
756 787 10.0 1883 130
757 726 10.0 1978 179
757 756 10.0 1648 181
757 758 10.0 1948 121
757 788 10.0 1887 197
758 727 10.0 1882 135
758 757 10.0 1818 196
758 759 10.0 1764 179
758 789 10.0 2423 175
759 728 10.0 2100 155
759 758 10.0 1938 180
759 760 10.0 1834 200
759 790 10.0 1858 136
760 729 10.0 1942 140
760 759 10.0 1963 122
760 761 10.0 1942 196
760 791 10.0 1857 195
761 730 10.0 1837 121
761 760 10.0 2338 104
761 762 10.0 1793 160
761 792 10.0 1973 122
762 731 10.0 2005 101
762 761 10.0 2060 152
762 763 10.0 1843 109
762 793 10.0 1879 171
763 732 10.0 2008 100
763 762 10.0 2165 109
763 764 10.0 1915 194
763 794 10.0 1730 108
764 733 10.0 1719 161
764 763 10.0 2087 129
764 765 10.0 1690 181
764 795 10.0 2044 123
765 734 10.0 1938 178
765 764 10.0 2086 163
765 766 10.0 1454 137
765 796 10.0 1809 138
766 735 10.0 1959 126
766 765 10.0 1871 199
766 767 10.0 1637 104
766 797 10.0 1689 133
767 736 10.0 1907 165
767 766 10.0 1951 181
767 768 10.0 1503 160
767 798 10.0 1704 189
768 737 10.0 1845 145
768 767 10.0 1860 124
768 769 10.0 1466 113
768 799 10.0 1920 108
769 738 10.0 1791 122
769 768 10.0 2118 184
769 770 10.0 1711 146
769 800 10.0 1521 105
770 739 10.0 1801 143
770 769 10.0 2041 106
770 771 10.0 1565 123
770 801 10.0 1560 158
771 740 10.0 1719 140
771 770 10.0 1794 195
771 772 10.0 1410 122
771 802 10.0 1510 130
772 741 10.0 1410 177
772 771 10.0 1816 129
772 773 10.0 1550 198
772 803 10.0 1635 156
773 742 10.0 1485 161
773 772 10.0 1595 162
773 774 10.0 1292 146
773 804 10.0 1795 162
774 743 10.0 1373 109
774 773 10.0 1457 152
774 775 10.0 1393 195
774 805 10.0 1366 164
775 744 10.0 1837 153
775 774 10.0 1671 141
775 806 10.0 1728 137
776 745 10.0 1885 115
776 777 10.0 1187 129
776 807 10.0 1761 167
777 746 10.0 1358 102
777 776 10.0 1644 128
777 778 10.0 1261 197
777 808 10.0 1266 169
778 747 10.0 1376 143
778 777 10.0 1522 200
778 779 10.0 1492 154
778 809 10.0 1395 107
779 748 10.0 1530 186
779 778 10.0 1764 176
779 780 10.0 1627 114
779 810 10.0 1353 123
780 749 10.0 1766 125
780 779 10.0 1698 159
780 781 10.0 1432 198
780 811 10.0 1614 111
781 750 10.0 1591 103
781 780 10.0 1649 161
781 782 10.0 1475 158
781 812 10.0 1476 116
782 751 10.0 1686 148
782 781 10.0 1719 177
782 783 10.0 1485 120
782 813 10.0 1659 170
783 752 10.0 1705 114
783 782 10.0 1791 181
783 784 10.0 1921 167
783 814 10.0 1711 130
784 753 10.0 1527 155
784 783 10.0 1889 133
784 785 10.0 1786 173
784 815 10.0 1893 158
785 754 10.0 1886 134
785 784 10.0 1711 174
785 786 10.0 1854 180
785 816 10.0 1848 101
786 755 10.0 2107 155
786 785 10.0 1728 136
786 787 10.0 1681 127
786 817 10.0 2163 182
787 756 10.0 1958 166
787 786 10.0 1937 100
787 788 10.0 1927 178
787 818 10.0 1749 189
788 757 10.0 1894 119
788 787 10.0 2005 119
788 789 10.0 2019 166
788 819 10.0 1773 146
789 758 10.0 1829 104
789 788 10.0 1784 159
789 790 10.0 1878 131
789 820 10.0 2149 141
790 759 10.0 2004 170
790 789 10.0 1567 104
790 791 10.0 2133 195
790 821 10.0 1730 123
791 760 10.0 1615 118
791 790 10.0 1789 198
791 792 10.0 2123 190
791 822 10.0 2010 162
792 761 10.0 1956 181
792 791 10.0 1678 104
792 793 10.0 2136 158
792 823 10.0 1771 118
793 762 10.0 2124 112
793 792 10.0 1720 109
793 794 10.0 1999 146
793 824 10.0 1790 153
794 763 10.0 1925 119
794 793 10.0 2000 154
794 795 10.0 1856 143
794 825 10.0 1748 124
795 764 10.0 1736 128
795 794 10.0 2019 114
795 796 10.0 1784 112
795 826 10.0 1870 163
796 765 10.0 1947 130
796 795 10.0 1830 101
796 797 10.0 1715 122
796 827 10.0 1735 125
797 766 10.0 1897 175
797 796 10.0 1743 135
797 798 10.0 1730 138
797 828 10.0 1696 169
798 767 10.0 1902 194
798 797 10.0 1620 140
798 799 10.0 1573 111
798 829 10.0 1817 185
799 768 10.0 1684 149
799 798 10.0 1775 130
799 800 10.0 1646 171
799 830 10.0 1591 191
800 769 10.0 1854 161
800 799 10.0 1780 100
800 801 10.0 1715 105
800 831 10.0 1318 130
801 770 10.0 1768 157
801 800 10.0 1566 107
801 802 10.0 1627 128
801 832 10.0 1571 135
802 771 10.0 1685 152
802 801 10.0 1580 146
802 803 10.0 1469 179
802 833 10.0 1643 131
803 772 10.0 1704 110
803 802 10.0 1827 110
803 804 10.0 1345 121
803 834 10.0 1546 191
804 773 10.0 1316 168
804 803 10.0 1757 187
804 805 10.0 1464 139
804 835 10.0 1375 191
805 774 10.0 1466 192
805 804 10.0 1398 164
805 806 10.0 1493 105
805 836 10.0 1553 124
806 775 10.0 1951 194
806 805 10.0 1579 144
806 837 10.0 1484 108
807 776 10.0 1546 111
807 808 10.0 1338 182
807 838 10.0 1656 105
808 777 10.0 1362 145
808 807 10.0 1224 116
808 809 10.0 1338 161
808 839 10.0 1470 198
809 778 10.0 1447 131
809 808 10.0 1327 154
809 810 10.0 1320 100
809 840 10.0 1300 105
810 779 10.0 1397 171
810 809 10.0 1385 123
810 811 10.0 1533 120
810 841 10.0 1217 196
811 780 10.0 1433 123
811 810 10.0 1495 174
811 812 10.0 1503 108
811 842 10.0 1570 192
812 781 10.0 1632 190
812 811 10.0 1418 138
812 813 10.0 1501 141
812 843 10.0 1533 133
813 782 10.0 1610 177
813 812 10.0 1530 167
813 814 10.0 1700 165
813 844 10.0 1490 126
814 783 10.0 2065 182
814 813 10.0 1747 194
814 815 10.0 1671 200
814 845 10.0 1674 110
815 784 10.0 1704 117
815 814 10.0 1783 132
815 816 10.0 1685 186
815 846 10.0 1951 153
816 785 10.0 2019 186
816 815 10.0 1830 148
816 817 10.0 1598 110
816 847 10.0 1724 105
817 786 10.0 1937 126
817 816 10.0 1827 171
817 818 10.0 2095 169
817 848 10.0 1702 188
818 787 10.0 1976 102
818 817 10.0 1764 194
818 819 10.0 1755 105
818 849 10.0 1971 166
819 788 10.0 2103 167
819 818 10.0 1815 129
819 820 10.0 1692 200
819 850 10.0 1824 183
820 789 10.0 1599 188
820 819 10.0 1984 123
820 821 10.0 1888 174
820 851 10.0 1917 158
821 790 10.0 1983 167
821 820 10.0 1728 102
821 822 10.0 1955 152
821 852 10.0 1788 145
822 791 10.0 1805 108
822 821 10.0 1958 108
822 823 10.0 1882 159
822 853 10.0 2122 105
823 792 10.0 1626 168
823 822 10.0 1908 121
823 824 10.0 1915 151
823 854 10.0 1841 165
824 793 10.0 1891 106
824 823 10.0 1738 122
824 825 10.0 1753 121
824 855 10.0 1778 151
825 794 10.0 1696 107
825 824 10.0 1851 122
825 826 10.0 1838 117
825 856 10.0 1714 165
826 795 10.0 1726 102
826 825 10.0 1707 195
826 827 10.0 1723 101
826 857 10.0 1759 107
827 796 10.0 1867 169
827 826 10.0 1530 152
827 828 10.0 1816 182
827 858 10.0 1744 120
828 797 10.0 1910 190
828 827 10.0 1629 103
828 829 10.0 1449 149
828 859 10.0 1762 194
829 798 10.0 1688 153
829 828 10.0 1651 114
829 830 10.0 1907 158
829 860 10.0 1513 103
830 799 10.0 1550 173
830 829 10.0 1602 111
830 831 10.0 1860 192
830 861 10.0 1613 187
831 800 10.0 1781 198
831 830 10.0 1464 190
831 832 10.0 1816 169
831 862 10.0 1509 129
832 801 10.0 1719 173
832 831 10.0 1639 111
832 833 10.0 1634 163
832 863 10.0 1537 125
833 802 10.0 1415 113
833 832 10.0 1702 185
833 834 10.0 1531 112
833 864 10.0 1556 121
834 803 10.0 1572 124
834 833 10.0 1603 150
834 835 10.0 1429 157
834 865 10.0 1545 188
835 804 10.0 1547 134
835 834 10.0 1284 165
835 836 10.0 1456 196
835 866 10.0 1402 174
836 805 10.0 1412 134
836 835 10.0 1489 151
836 837 10.0 1328 113
836 867 10.0 1557 101
837 806 10.0 1841 169
837 836 10.0 1527 122
837 868 10.0 1486 182
838 807 10.0 1553 188
838 839 10.0 1189 135
838 869 10.0 1603 142
839 808 10.0 1263 106
839 838 10.0 1235 190
839 840 10.0 1161 174
839 870 10.0 1339 159
840 809 10.0 1192 105
840 839 10.0 1339 143
840 841 10.0 1309 172
840 871 10.0 1082 140
841 810 10.0 1313 169
841 840 10.0 1214 102
841 842 10.0 1262 120
841 872 10.0 1539 164
842 811 10.0 1567 140
842 841 10.0 1472 190
842 843 10.0 1445 154
842 873 10.0 1266 198
843 812 10.0 1569 114
843 842 10.0 1605 133
843 844 10.0 1758 141
843 874 10.0 1321 160
844 813 10.0 1458 184
844 843 10.0 1381 198
844 845 10.0 1993 165
844 875 10.0 1347 106
845 814 10.0 1792 126
845 844 10.0 1350 184
845 846 10.0 1797 158
845 876 10.0 1645 177
846 815 10.0 1662 199
846 845 10.0 1566 147
846 847 10.0 1699 138
846 877 10.0 2053 174
847 816 10.0 1813 184
847 846 10.0 1545 136
847 848 10.0 1958 146
847 878 10.0 1713 111
848 817 10.0 1961 122
848 847 10.0 1861 110
848 849 10.0 1949 126
848 879 10.0 1609 103
849 818 10.0 1796 165
849 848 10.0 1859 136
849 850 10.0 1623 117
849 880 10.0 1799 180
850 819 10.0 1893 134
850 849 10.0 1518 198
850 851 10.0 1669 107
850 881 10.0 1777 194
851 820 10.0 1887 119
851 850 10.0 1759 194
851 852 10.0 2010 148
851 882 10.0 1732 149
852 821 10.0 1902 114
852 851 10.0 1802 189
852 853 10.0 1850 157
852 883 10.0 1841 152
853 822 10.0 1843 132
853 852 10.0 1743 115
853 854 10.0 1863 106
853 884 10.0 2017 100
854 823 10.0 1908 125
854 853 10.0 1800 111
854 855 10.0 1981 148
854 885 10.0 1505 151
855 824 10.0 1766 148
855 854 10.0 1780 141
855 856 10.0 1847 118
855 886 10.0 1711 167
856 825 10.0 1805 173
856 855 10.0 1506 174
856 857 10.0 1896 119
856 887 10.0 1696 200
857 826 10.0 1618 103
857 856 10.0 1675 149
857 858 10.0 1802 190
857 888 10.0 1700 184
858 827 10.0 1723 155
858 857 10.0 1610 146
858 859 10.0 1568 134
858 889 10.0 1892 154
859 828 10.0 1694 155
859 858 10.0 1573 123
859 860 10.0 1759 157
859 890 10.0 1537 146
860 829 10.0 1809 136
860 859 10.0 1608 156
860 861 10.0 1468 176
860 891 10.0 1611 136
861 830 10.0 1573 139
861 860 10.0 1680 125
861 862 10.0 1465 174
861 892 10.0 1644 195
862 831 10.0 1653 187
862 861 10.0 1776 111
862 863 10.0 1478 103
862 893 10.0 1412 111
863 832 10.0 1456 187
863 862 10.0 1701 187
863 864 10.0 1439 132
863 894 10.0 1510 141
864 833 10.0 1342 115
864 863 10.0 1635 145
864 865 10.0 1398 109
864 895 10.0 1443 176
865 834 10.0 1708 145
865 864 10.0 1363 132
865 866 10.0 1387 164
865 896 10.0 1347 126
866 835 10.0 1412 146
866 865 10.0 1592 198
866 867 10.0 1200 119
866 897 10.0 1268 111
867 836 10.0 1305 121
867 866 10.0 1336 179
867 868 10.0 1417 186
867 898 10.0 1283 168
868 837 10.0 1985 163
868 867 10.0 1273 149
868 899 10.0 1481 145
869 838 10.0 1391 124
869 870 10.0 1183 126
869 900 10.0 1314 116
870 839 10.0 949 144
870 869 10.0 1108 182
870 871 10.0 1334 174
870 901 10.0 1116 177
871 840 10.0 1229 140
871 870 10.0 1177 181
871 872 10.0 1171 142
871 902 10.0 1111 163
872 841 10.0 1399 141
872 871 10.0 1134 117
872 873 10.0 1331 174
872 903 10.0 1387 114
873 842 10.0 1432 175
873 872 10.0 1175 143
873 874 10.0 1458 183
873 904 10.0 1183 171
874 843 10.0 1665 194
874 873 10.0 1287 130
874 875 10.0 1414 106
874 905 10.0 1329 164
875 844 10.0 1493 105
875 874 10.0 1472 194
875 876 10.0 1531 123
875 906 10.0 1530 157
876 845 10.0 1495 189
876 875 10.0 1534 182
876 877 10.0 1489 150
876 907 10.0 1778 191
877 846 10.0 1655 126
877 876 10.0 1678 183
877 878 10.0 1797 138
877 908 10.0 1571 116
878 847 10.0 1761 117
878 877 10.0 1696 133
878 879 10.0 1903 153
878 909 10.0 1402 103
879 848 10.0 1835 139
879 878 10.0 1525 121
879 880 10.0 1837 156
879 910 10.0 1841 156
880 849 10.0 1697 195
880 879 10.0 1966 164
880 881 10.0 2022 178
880 911 10.0 1640 102
881 850 10.0 1738 107
881 880 10.0 1908 179
881 882 10.0 1697 128
881 912 10.0 2015 177
882 851 10.0 1955 165
882 881 10.0 2187 147
882 883 10.0 1918 117
882 913 10.0 1573 178
883 852 10.0 1829 140
883 882 10.0 1870 196
883 884 10.0 1620 100
883 914 10.0 1836 134
884 853 10.0 1588 200
884 883 10.0 1908 104
884 885 10.0 1818 146
884 915 10.0 1790 152
885 854 10.0 1720 112
885 884 10.0 1703 104
885 886 10.0 1818 110
885 916 10.0 1552 150
886 855 10.0 1819 171
886 885 10.0 1595 182
886 887 10.0 1800 144
886 917 10.0 1943 173
887 856 10.0 1737 166
887 886 10.0 1961 183
887 888 10.0 1786 195
887 918 10.0 1660 110
888 857 10.0 1618 192
888 887 10.0 1739 131
888 889 10.0 1494 174
888 919 10.0 1805 118
889 858 10.0 1706 127
889 888 10.0 1778 139
889 890 10.0 1552 189
889 920 10.0 1612 169
890 859 10.0 1695 100
890 889 10.0 1538 186
890 891 10.0 1661 114
890 921 10.0 1720 168
891 860 10.0 1602 155
891 890 10.0 1670 134
891 892 10.0 1426 199
891 922 10.0 1918 106
892 861 10.0 1452 181
892 891 10.0 1696 146
892 893 10.0 1746 189
892 923 10.0 1316 132
893 862 10.0 1709 184
893 892 10.0 1595 193
893 894 10.0 1571 162
893 924 10.0 1290 148
894 863 10.0 1391 125
894 893 10.0 1529 194
894 895 10.0 1365 103
894 925 10.0 1668 179
895 864 10.0 1460 200
895 894 10.0 1551 155
895 896 10.0 1005 110
895 926 10.0 1488 110
896 865 10.0 1290 105
896 895 10.0 1461 112
896 897 10.0 1181 180
896 927 10.0 1158 196
897 866 10.0 1259 127
897 896 10.0 1153 101
897 898 10.0 1129 135
897 928 10.0 1256 167
898 867 10.0 1251 158
898 897 10.0 1193 178
898 899 10.0 1216 157
898 929 10.0 1123 171
899 868 10.0 1820 105
899 898 10.0 1213 120
899 930 10.0 1226 182
900 869 10.0 1386 184
900 901 10.0 951 144
900 931 10.0 1011 158
901 870 10.0 830 191
901 900 10.0 994 133
901 902 10.0 1152 189
901 932 10.0 935 173
902 871 10.0 1181 123
902 901 10.0 966 146
902 903 10.0 1254 104
902 933 10.0 1047 160
903 872 10.0 1390 184
903 902 10.0 1083 134
903 904 10.0 1212 197
903 934 10.0 1421 123
904 873 10.0 1429 184
904 903 10.0 1183 185
904 905 10.0 1196 104
904 935 10.0 1357 135
905 874 10.0 1445 166
905 904 10.0 1253 191
905 906 10.0 1369 120
905 936 10.0 1344 103
906 875 10.0 1636 197
906 905 10.0 1441 173
906 907 10.0 1323 103
906 937 10.0 1443 132
907 876 10.0 1403 172
907 906 10.0 1430 188
907 908 10.0 1663 136
907 938 10.0 1659 138
908 877 10.0 1497 110
908 907 10.0 1478 200
908 909 10.0 1792 140
908 939 10.0 1548 151
909 878 10.0 1670 134
909 908 10.0 1491 149
909 910 10.0 1765 109
909 940 10.0 1769 178
910 879 10.0 1621 178
910 909 10.0 1809 172
910 911 10.0 1689 181
910 941 10.0 1809 186
911 880 10.0 1828 162
911 910 10.0 1631 188
911 912 10.0 1809 138
911 942 10.0 1787 181
912 881 10.0 1493 129
912 911 10.0 1794 118
912 913 10.0 1690 138
912 943 10.0 1942 171
913 882 10.0 2175 178
913 912 10.0 1485 188
913 914 10.0 1653 193
913 944 10.0 1836 111
914 883 10.0 1598 127
914 913 10.0 1944 169
914 915 10.0 1770 193
914 945 10.0 1753 196
915 884 10.0 1764 134
915 914 10.0 1633 193
915 916 10.0 1684 172
915 946 10.0 1818 140
916 885 10.0 1807 114
916 915 10.0 1586 169
916 917 10.0 1627 128
916 947 10.0 1773 105
917 886 10.0 1633 109
917 916 10.0 2050 172
917 918 10.0 1620 193
917 948 10.0 1761 106
918 887 10.0 1925 197
918 917 10.0 1736 187
918 919 10.0 1439 129
918 949 10.0 1686 184
919 888 10.0 1549 177
919 918 10.0 1801 163
919 920 10.0 1534 100
919 950 10.0 1565 114
920 889 10.0 1637 151
920 919 10.0 1489 199
920 921 10.0 1803 191
920 951 10.0 1595 170
921 890 10.0 1750 126
921 920 10.0 1624 153
921 922 10.0 1522 158
921 952 10.0 1613 199
922 891 10.0 1569 154
922 921 10.0 1568 169
922 923 10.0 1710 171
922 953 10.0 1770 141
923 892 10.0 1459 167
923 922 10.0 1497 127
923 924 10.0 1607 103
923 954 10.0 1380 115
924 893 10.0 1487 172
924 923 10.0 1265 104
924 925 10.0 1512 192
924 955 10.0 1662 101
925 894 10.0 1328 182
925 924 10.0 1569 135
925 926 10.0 1243 111
925 956 10.0 1609 115
926 895 10.0 1205 120
926 925 10.0 1339 185
926 927 10.0 1482 181
926 957 10.0 1294 149
927 896 10.0 1503 101
927 926 10.0 1026 160
927 928 10.0 1276 133
927 958 10.0 1328 184
928 897 10.0 1108 146
928 927 10.0 1130 111
928 929 10.0 1224 187
928 959 10.0 1261 109
929 898 10.0 1125 153
929 928 10.0 1122 200
929 930 10.0 1133 118
929 960 10.0 1027 118
930 899 10.0 1578 190
930 929 10.0 840 175
930 961 10.0 1082 179
931 900 10.0 1029 102
931 932 10.0 957 186
932 901 10.0 893 141
932 931 10.0 1044 173
932 933 10.0 1221 105
933 902 10.0 1138 126
933 932 10.0 1283 124
933 934 10.0 1466 178
934 903 10.0 1166 129
934 933 10.0 1435 197
934 935 10.0 1858 161
935 904 10.0 1518 165
935 934 10.0 1559 135
935 936 10.0 1662 151
936 905 10.0 1371 107
936 935 10.0 1577 151
936 937 10.0 1641 187
937 906 10.0 1555 117
937 936 10.0 1613 189
937 938 10.0 1930 178
938 907 10.0 1651 158
938 937 10.0 1934 171
938 939 10.0 1909 138
939 908 10.0 1594 166
939 938 10.0 1841 104
939 940 10.0 1890 189
940 909 10.0 1657 190
940 939 10.0 1948 114
940 941 10.0 2078 174
941 910 10.0 1728 180
941 940 10.0 2018 194
941 942 10.0 2112 103
942 911 10.0 1694 101
942 941 10.0 1969 184
942 943 10.0 2188 154
943 912 10.0 1682 192
943 942 10.0 1968 173
943 944 10.0 2507 165
944 913 10.0 1961 151
944 943 10.0 2090 153
944 945 10.0 2203 100
945 914 10.0 2000 164
945 944 10.0 1987 121
945 946 10.0 2073 157
946 915 10.0 1746 196
946 945 10.0 2132 162
946 947 10.0 2006 159
947 916 10.0 1561 190
947 946 10.0 2015 186
947 948 10.0 2095 198
948 917 10.0 1691 172
948 947 10.0 1794 142
948 949 10.0 2091 109
949 918 10.0 1813 152
949 948 10.0 1831 172
949 950 10.0 2059 171
950 919 10.0 1698 156
950 949 10.0 1864 144
950 951 10.0 2051 153
951 920 10.0 1833 156
951 950 10.0 2047 155
951 952 10.0 1864 151
952 921 10.0 1508 188
952 951 10.0 2057 162
952 953 10.0 2013 148
953 922 10.0 1744 169
953 952 10.0 2029 187
953 954 10.0 1939 132
954 923 10.0 1840 160
954 953 10.0 1976 136
954 955 10.0 1566 135
955 924 10.0 1519 183
955 954 10.0 2093 154
955 956 10.0 1613 103
956 925 10.0 1186 142
956 955 10.0 1910 183
956 957 10.0 1840 136
957 926 10.0 1505 186
957 956 10.0 1756 171
957 958 10.0 1676 189
958 927 10.0 1316 155
958 957 10.0 1674 159
958 959 10.0 1677 156
959 928 10.0 1077 154
959 958 10.0 1720 137
959 960 10.0 1675 129
960 929 10.0 1205 168
960 959 10.0 1383 121
960 961 10.0 1145 200
961 930 10.0 1108 157
961 960 10.0 1045 182
29 518 42
376 570 35
527 466 47
533 888 47
557 162 46
79 307 44
563 500 48
128 391 45
93 292 45
832 694 53
940 478 53
583 112 47
875 869 56
821 445 49
102 252 48
874 741 60
589 914 45
446 856 51
911 81 48
895 607 57
316 177 48
957 747 39
339 953 51
515 551 53
621 904 55
357 784 53
201 782 38
541 428 42
927 766 54
250 921 45
453 715 40
428 596 54
86 547 51
844 824 46
808 411 58
162 951 51
903 681 52
174 841 55
601 551 58
542 100 48
208 219 46
414 371 52
351 309 44
441 401 53
134 351 42
905 485 54
370 778 54
322 311 50
466 699 41
179 641 41
152 907 50
812 250 47
848 712 37
677 72 52
247 397 67
60 271 49
244 311 43
373 802 51
519 448 53
21 174 56
160 447 51
766 318 59
687 782 60
262 537 47
445 472 61
130 26 48
515 326 50
865 209 57
209 923 54
596 498 56
808 566 55
231 483 55
837 748 43
770 848 49
704 502 40
470 52 44
570 687 47
726 880 45
288 366 53
557 714 31
615 28 46
892 348 54
518 376 55
42 642 51
255 919 61
777 382 65
609 497 42
165 765 44
16 58 61
320 654 61
523 341 34
162 656 47
167 923 49
595 782 51
559 570 51
730 768 35
704 784 60
123 70 50
506 775 52
91 748 53
80 866 39
882 337 51
577 150 60
670 47 52
819 684 49
99 405 47
429 218 50
797 647 48
524 596 38
800 799 53
739 746 47
109 650 51
145 431 51
288 185 50
268 604 42
31 550 41
263 737 53
580 123 51
528 725 41
310 299 58
451 622 45
13 324 46
36 311 41
326 142 44
4 787 46
596 609 53
120 389 42
468 81 44
452 33 49
856 172 66
298 142 49
683 538 48
559 875 41
130 444 52
128 237 54
786 734 53
147 319 46
560 721 51
916 414 52
952 276 54
648 636 49
298 270 38
108 566 60
698 450 44
707 418 45
280 113 64
687 202 33
830 26 40
109 212 51
233 210 61
784 285 42
145 747 44
425 907 48
232 704 38
749 213 53
551 560 56
189 433 71
128 205 48
866 339 49
861 511 59
649 431 44
100 871 48
195 253 49
489 760 50
619 301 52
703 328 51
508 626 49
38 922 46
131 817 48
360 2 60
6 387 55
63 733 52
78 650 42
937 202 41
146 265 46
815 406 45
896 104 51
64 352 43
934 699 43
233 8 49
490 131 52
792 657 54
434 415 47
79 274 50
510 796 47
764 284 66
896 1 47
293 193 62
41 116 47
309 170 36
455 364 65
83 293 41
41 17 50
63 858 55
215 111 52
279 233 38
934 459 49
606 919 52
331 202 59
786 774 49
134 652 51
264 628 62
151 213 42
508 248 43
275 331 54
130 749 44
646 179 51
453 486 46
344 874 44
286 401 53
158 399 45
601 850 45
616 815 46
690 91 51
280 768 46
505 731 49
325 597 46
57 777 52
221 931 44
73 453 52
213 454 55
100 232 35
82 88 59
680 497 46
163 762 66
303 59 56
150 410 42
908 736 46
69 528 56
594 837 38
777 76 59
244 824 55
810 158 55
690 683 58
433 569 48
207 257 43
698 789 55
893 303 49
399 496 47
318 237 53
950 523 52
198 465 46
951 345 57
233 538 54
872 279 41
142 706 60
523 259 39
250 804 54
866 697 63
307 193 51
121 729 47
947 743 41
563 137 51
546 717 60
617 137 39
299 762 44
655 778 49
800 687 52
253 341 55
911 837 43
462 319 49
251 943 43
772 519 60
295 595 50
331 236 45
608 105 44
270 495 58
541 142 44
93 472 40
499 614 53
459 723 46
350 832 41
668 916 46
621 577 57
440 655 49
26 686 51
959 676 50
221 667 50
239 193 58
269 718 54
337 595 41
736 580 63
316 241 53
254 522 54
373 585 48
556 452 49
89 674 56
788 517 51
138 219 39
205 403 57
678 47 55
632 339 47
897 368 38
891 734 63
959 687 37
851 692 54
547 387 52
756 939 57
256 376 45
957 941 50
214 418 51
196 738 47
941 373 50
150 464 43
82 860 37
669 374 50
524 312 49
271 581 47
27 437 48
170 276 50
818 740 41
754 682 54
219 444 60
218 1 59
919 666 48
40 475 63
843 502 53
172 151 48
2 898 54
796 64 54
559 249 57
511 89 55
805 520 55
187 944 51
54 469 44
882 938 46
412 788 58
938 948 43
22 505 51
454 571 50
777 393 50
233 340 48
250 223 46
418 742 49
417 242 46
614 824 44
284 313 55
260 731 54
862 461 43
38 711 48
463 30 56
846 454 56
258 802 46
551 934 39
861 240 47
167 821 41
644 74 52
187 819 63
239 561 49
22 793 48
291 822 50
149 92 52
905 858 43
584 308 48
870 187 56
875 528 61
307 564 39
530 303 49
941 961 43
670 144 46
409 1 55
318 855 54
814 558 46
443 134 50
666 642 55
661 328 49
476 718 47
174 153 49
786 506 49
758 112 45
510 473 55
353 622 53
742 863 47
434 532 48
81 166 52
733 570 53
558 711 50
317 313 26
379 104 60
202 301 48
332 359 41
373 345 42
899 93 45
436 312 51
749 779 51
630 683 48
866 535 44
889 672 40
718 874 65
881 550 52
137 747 39
137 418 56
331 759 61
344 637 49
123 262 57
206 216 57
245 672 51
454 375 50
233 320 70
108 207 46
354 703 54
608 71 45
711 371 39
850 185 48
8 692 43
625 246 35
301 336 60
765 608 58
96 246 49
933 869 62
635 403 49
622 38 40
52 504 67
808 795 56
159 45 58
25 850 56
523 493 41
580 38 43
79 361 60
428 785 54
661 544 36
400 764 44
379 123 43
831 681 46
238 619 54
445 642 56
791 455 46
479 565 59
143 820 49
691 586 49
471 25 45
345 188 59
293 945 45
136 511 42
827 235 54
44 405 43
81 484 38
538 283 46
413 902 39
280 320 62
756 289 48
358 784 40
525 741 33
348 75 53
658 670 63
478 85 44
789 230 51
785 184 42
177 390 51
560 421 51
717 716 59
947 680 57
397 463 55
843 781 46
505 3 48
662 428 67
345 66 56
399 907 45
772 68 41
305 558 51
734 260 48
153 182 56
76 459 53
797 494 46
424 490 45
448 146 56
825 662 62
570 312 56
217 488 44
209 943 47
685 872 53
480 104 65
562 248 45
340 882 51
597 856 60
306 407 39
432 99 48
375 126 58
16 576 41
620 252 53
6 920 39
508 211 43
303 125 58
92 314 45
562 772 35
341 793 42
228 695 56
200 949 42
579 95 44
459 136 55
184 553 53
792 153 40
453 774 54
959 247 53
446 216 47
156 374 49
768 107 56
89 900 43
487 888 53
64 910 45
