100 121 440
1 0 10000
1 10 10
2 10 20
3 10 30
4 10 40
5 10 50
6 10 60
7 10 70
8 10 80
9 10 90
10 10 100
11 10 110
12 20 10
13 20 20
14 20 30
15 20 40
16 20 50
17 20 60
18 20 70
19 20 80
20 20 90
21 20 100
22 20 110
23 30 10
24 30 20
25 30 30
26 30 40
27 30 50
28 30 60
29 30 70
30 30 80
31 30 90
32 30 100
33 30 110
34 40 10
35 40 20
36 40 30
37 40 40
38 40 50
39 40 60
40 40 70
41 40 80
42 40 90
43 40 100
44 40 110
45 50 10
46 50 20
47 50 30
48 50 40
49 50 50
50 50 60
51 50 70
52 50 80
53 50 90
54 50 100
55 50 110
56 60 10
57 60 20
58 60 30
59 60 40
60 60 50
61 60 60
62 60 70
63 60 80
64 60 90
65 60 100
66 60 110
67 70 10
68 70 20
69 70 30
70 70 40
71 70 50
72 70 60
73 70 70
74 70 80
75 70 90
76 70 100
77 70 110
78 80 10
79 80 20
80 80 30
81 80 40
82 80 50
83 80 60
84 80 70
85 80 80
86 80 90
87 80 100
88 80 110
89 90 10
90 90 20
91 90 30
92 90 40
93 90 50
94 90 60
95 90 70
96 90 80
97 90 90
98 90 100
99 90 110
100 100 10
101 100 20
102 100 30
103 100 40
104 100 50
105 100 60
106 100 70
107 100 80
108 100 90
109 100 100
110 100 110
111 110 10
112 110 20
113 110 30
114 110 40
115 110 50
116 110 60
117 110 70
118 110 80
119 110 90
120 110 100
121 110 110
1 2 10.0 276 175
1 12 10.0 331 162
2 1 10.0 290 164
2 3 10.0 445 170
2 13 10.0 203 174
3 2 10.0 340 117
3 4 10.0 523 188
3 14 10.0 423 158
4 3 10.0 501 128
4 5 10.0 495 130
4 15 10.0 473 161
5 4 10.0 526 143
5 6 10.0 441 128
5 16 10.0 481 108
6 5 10.0 556 182
6 7 10.0 459 187
6 17 10.0 471 183
7 6 10.0 610 158
7 8 10.0 510 100
7 18 10.0 317 139
8 7 10.0 373 101
8 9 10.0 472 131
8 19 10.0 522 142
9 8 10.0 489 105
9 10 10.0 377 195
9 20 10.0 379 129
10 9 10.0 399 188
10 11 10.0 317 128
10 21 10.0 244 199
11 10 10.0 326 143
11 22 10.0 332 105
12 1 10.0 272 110
12 13 10.0 287 160
12 23 10.0 266 111
13 2 10.0 289 146
13 12 10.0 232 165
13 14 10.0 302 199
13 24 10.0 421 199
14 3 10.0 391 126
14 13 10.0 434 173
14 15 10.0 331 111
14 25 10.0 410 176
15 4 10.0 420 178
15 14 10.0 448 187
15 16 10.0 416 140
15 26 10.0 451 134
16 5 10.0 391 185
16 15 10.0 363 198
16 17 10.0 397 111
16 27 10.0 505 106
17 6 10.0 391 173
17 16 10.0 560 140
17 18 10.0 410 100
17 28 10.0 436 150
18 7 10.0 462 104
18 17 10.0 492 153
18 19 10.0 295 133
18 29 10.0 486 153
19 8 10.0 349 133
19 18 10.0 483 125
19 20 10.0 292 179
19 30 10.0 421 158
20 9 10.0 311 198
20 19 10.0 347 122
20 21 10.0 298 127
20 31 10.0 445 153
21 10 10.0 264 179
21 20 10.0 362 149
21 22 10.0 263 138
21 32 10.0 324 100
22 11 10.0 333 162
22 21 10.0 327 190
22 33 10.0 390 171
23 12 10.0 310 178
23 24 10.0 407 114
23 34 10.0 448 156
24 13 10.0 312 138
24 23 10.0 385 165
24 25 10.0 511 134
24 35 10.0 360 177
25 14 10.0 612 127
25 24 10.0 365 170
25 26 10.0 398 194
25 36 10.0 358 137
26 15 10.0 453 185
26 25 10.0 451 152
26 27 10.0 529 189
26 37 10.0 399 192
27 16 10.0 345 178
27 26 10.0 462 163
27 28 10.0 413 123
27 38 10.0 598 183
28 17 10.0 419 195
28 27 10.0 430 124
28 29 10.0 406 148
28 39 10.0 441 176
29 18 10.0 488 177
29 28 10.0 360 102
29 30 10.0 463 176
29 40 10.0 390 198
30 19 10.0 319 200
30 29 10.0 436 158
30 31 10.0 281 120
30 41 10.0 473 173
31 20 10.0 338 166
31 30 10.0 335 197
31 32 10.0 480 115
31 42 10.0 352 141
32 21 10.0 326 152
32 31 10.0 361 192
32 33 10.0 465 199
32 43 10.0 376 184
33 22 10.0 523 108
33 32 10.0 266 198
33 44 10.0 470 180
34 23 10.0 455 148
34 35 10.0 415 110
34 45 10.0 500 188
35 24 10.0 413 145
35 34 10.0 395 132
35 36 10.0 467 103
35 46 10.0 414 200
36 25 10.0 368 199
36 35 10.0 390 159
36 37 10.0 542 170
36 47 10.0 396 147
37 26 10.0 476 199
37 36 10.0 339 185
37 38 10.0 442 139
37 48 10.0 435 112
38 27 10.0 415 196
38 37 10.0 409 152
38 39 10.0 476 199
38 49 10.0 491 184
39 28 10.0 485 189
39 38 10.0 442 183
39 40 10.0 591 140
39 50 10.0 406 146
40 29 10.0 561 195
40 39 10.0 537 112
40 41 10.0 476 102
40 51 10.0 444 183
41 30 10.0 403 140
41 40 10.0 433 100
41 42 10.0 381 131
41 52 10.0 450 111
42 31 10.0 490 150
42 41 10.0 310 117
42 43 10.0 475 140
42 53 10.0 367 195
43 32 10.0 428 160
43 42 10.0 413 165
43 44 10.0 420 103
43 54 10.0 392 130
44 33 10.0 343 116
44 43 10.0 404 145
44 55 10.0 570 190
45 34 10.0 442 112
45 46 10.0 443 126
45 56 10.0 523 197
46 35 10.0 464 121
46 45 10.0 538 192
46 47 10.0 332 198
46 57 10.0 395 187
47 36 10.0 413 163
47 46 10.0 419 156
47 48 10.0 367 140
47 58 10.0 470 126
48 37 10.0 428 185
48 47 10.0 399 112
48 49 10.0 453 149
48 59 10.0 440 173
49 38 10.0 428 158
49 48 10.0 517 162
49 50 10.0 512 117
49 60 10.0 564 155
50 39 10.0 458 132
50 49 10.0 431 187
50 51 10.0 453 130
50 61 10.0 500 152
51 40 10.0 541 119
51 50 10.0 488 189
51 52 10.0 339 184
51 62 10.0 445 150
52 41 10.0 387 200
52 51 10.0 585 126
52 53 10.0 428 161
52 63 10.0 535 162
53 42 10.0 466 195
53 52 10.0 604 124
53 54 10.0 324 146
53 64 10.0 427 100
54 43 10.0 390 148
54 53 10.0 467 189
54 55 10.0 409 149
54 65 10.0 469 144
55 44 10.0 398 122
55 54 10.0 586 198
55 66 10.0 570 182
56 45 10.0 514 156
56 57 10.0 309 126
56 67 10.0 604 159
57 46 10.0 461 196
57 56 10.0 400 165
57 58 10.0 390 186
57 68 10.0 286 187
58 47 10.0 438 115
58 57 10.0 505 110
58 59 10.0 349 109
58 69 10.0 347 108
59 48 10.0 433 182
59 58 10.0 403 172
59 60 10.0 389 137
59 70 10.0 463 166
60 49 10.0 572 171
60 59 10.0 531 155
60 61 10.0 496 198
60 71 10.0 504 157
61 50 10.0 460 184
61 60 10.0 724 164
61 62 10.0 541 187
61 72 10.0 415 130
62 51 10.0 484 171
62 61 10.0 516 113
62 63 10.0 464 138
62 73 10.0 553 116
63 52 10.0 466 196
63 62 10.0 584 117
63 64 10.0 478 171
63 74 10.0 505 170
64 53 10.0 532 175
64 63 10.0 544 169
64 65 10.0 342 136
64 75 10.0 426 154
65 54 10.0 360 200
65 64 10.0 572 142
65 66 10.0 337 180
65 76 10.0 522 156
66 55 10.0 463 178
66 65 10.0 493 130
66 77 10.0 565 181
67 56 10.0 423 151
67 68 10.0 461 150
67 78 10.0 402 135
68 57 10.0 371 136
68 67 10.0 248 163
68 69 10.0 443 174
68 79 10.0 377 120
69 58 10.0 403 122
69 68 10.0 378 174
69 70 10.0 417 162
69 80 10.0 450 100
70 59 10.0 443 187
70 69 10.0 515 121
70 71 10.0 428 118
70 81 10.0 299 195
71 60 10.0 455 108
71 70 10.0 569 200
71 72 10.0 436 100
71 82 10.0 544 164
72 61 10.0 618 123
72 71 10.0 539 102
72 73 10.0 376 151
72 83 10.0 355 185
73 62 10.0 386 169
73 72 10.0 592 125
73 74 10.0 530 183
73 84 10.0 489 101
74 63 10.0 546 124
74 73 10.0 543 152
74 75 10.0 310 185
74 85 10.0 480 102
75 64 10.0 334 184
75 74 10.0 503 199
75 76 10.0 532 189
75 86 10.0 372 135
76 65 10.0 370 177
76 75 10.0 498 149
76 77 10.0 394 185
76 87 10.0 483 129
77 66 10.0 541 155
77 76 10.0 311 114
77 88 10.0 540 111
78 67 10.0 446 200
78 79 10.0 350 121
78 89 10.0 396 193
79 68 10.0 363 136
79 78 10.0 374 148
79 80 10.0 332 152
79 90 10.0 330 130
80 69 10.0 380 157
80 79 10.0 442 195
80 81 10.0 353 162
80 91 10.0 366 108
81 70 10.0 362 174
81 80 10.0 483 161
81 82 10.0 330 168
81 92 10.0 450 120
82 71 10.0 465 174
82 81 10.0 508 143
82 83 10.0 449 136
82 93 10.0 384 150
83 72 10.0 489 199
83 82 10.0 472 114
83 84 10.0 383 141
83 94 10.0 378 141
84 73 10.0 425 157
84 83 10.0 454 151
84 85 10.0 479 189
84 95 10.0 467 198
85 74 10.0 445 106
85 84 10.0 508 130
85 86 10.0 373 160
85 96 10.0 481 191
86 75 10.0 425 106
86 85 10.0 464 192
86 87 10.0 368 117
86 97 10.0 430 158
87 76 10.0 373 157
87 86 10.0 409 139
87 88 10.0 390 158
87 98 10.0 421 100
88 77 10.0 470 121
88 87 10.0 432 147
88 99 10.0 527 195
89 78 10.0 418 106
89 90 10.0 341 147
89 100 10.0 364 151
90 79 10.0 232 167
90 89 10.0 388 104
90 91 10.0 360 133
90 101 10.0 341 120
91 80 10.0 444 129
91 90 10.0 343 139
91 92 10.0 338 184
91 102 10.0 253 165
92 81 10.0 412 125
92 91 10.0 391 175
92 93 10.0 383 194
92 103 10.0 361 162
93 82 10.0 458 144
93 92 10.0 482 133
93 94 10.0 339 132
93 104 10.0 373 143
94 83 10.0 499 192
94 93 10.0 407 144
94 95 10.0 357 178
94 105 10.0 447 107
95 84 10.0 481 156
95 94 10.0 438 166
95 96 10.0 493 133
95 106 10.0 439 164
96 85 10.0 433 139
96 95 10.0 403 101
96 97 10.0 365 119
96 107 10.0 467 172
97 86 10.0 479 117
97 96 10.0 343 127
97 98 10.0 492 181
97 108 10.0 365 129
98 87 10.0 297 193
98 97 10.0 373 159
98 99 10.0 361 185
98 109 10.0 399 158
99 88 10.0 433 107
99 98 10.0 468 185
99 110 10.0 378 138
100 89 10.0 324 106
100 101 10.0 247 102
100 111 10.0 371 140
101 90 10.0 323 198
101 100 10.0 298 118
101 102 10.0 296 176
101 112 10.0 204 168
102 91 10.0 393 140
102 101 10.0 369 140
102 103 10.0 409 165
102 113 10.0 251 131
103 92 10.0 323 133
103 102 10.0 388 178
103 104 10.0 358 124
103 114 10.0 303 110
104 93 10.0 465 192
104 103 10.0 316 171
104 105 10.0 469 156
104 115 10.0 346 111
105 94 10.0 536 197
105 104 10.0 432 197
105 106 10.0 380 103
105 116 10.0 510 111
106 95 10.0 566 172
106 105 10.0 515 166
106 107 10.0 400 156
106 117 10.0 451 189
107 96 10.0 404 104
107 106 10.0 550 111
107 108 10.0 367 115
107 118 10.0 433 152
108 97 10.0 459 172
108 107 10.0 465 161
108 109 10.0 296 134
108 119 10.0 248 166
109 98 10.0 201 183
109 108 10.0 407 167
109 110 10.0 426 177
109 120 10.0 375 145
110 99 10.0 467 188
110 109 10.0 346 107
110 121 10.0 258 145
111 100 10.0 283 197
111 112 10.0 292 128
112 101 10.0 251 108
112 111 10.0 323 185
112 113 10.0 330 131
113 102 10.0 457 163
113 112 10.0 364 108
113 114 10.0 317 165
114 103 10.0 413 111
114 113 10.0 478 102
114 115 10.0 379 175
115 104 10.0 447 100
115 114 10.0 578 185
115 116 10.0 421 131
116 105 10.0 416 143
116 115 10.0 685 117
116 117 10.0 428 162
117 106 10.0 574 108
117 116 10.0 581 193
117 118 10.0 434 139
118 107 10.0 415 111
118 117 10.0 610 188
118 119 10.0 398 119
119 108 10.0 379 147
119 118 10.0 515 148
119 120 10.0 350 138
120 109 10.0 312 165
120 119 10.0 523 128
120 121 10.0 250 170
121 110 10.0 300 104
121 120 10.0 310 105
18 16 47
121 29 50
19 96 47
7 83 53
49 51 43
120 31 51
94 91 40
56 57 46
117 21 46
50 22 60
55 69 47
96 12 40
52 45 52
73 85 44
66 24 31
39 59 53
55 23 44
35 61 42
97 52 48
47 33 50
104 85 55
23 39 51
121 104 56
36 38 55
87 45 50
84 38 50
54 92 49
121 4 46
81 117 45
112 74 43
11 98 51
118 82 41
33 14 48
78 53 49
119 110 40
40 3 61
3 79 58
15 80 53
33 99 47
61 78 48
35 51 48
109 101 47
66 5 46
21 103 47
2 98 55
49 84 63
114 14 47
85 29 57
83 8 42
102 6 52
34 46 37
1 50 56
79 98 49
20 55 47
71 111 55
73 63 45
32 14 40
48 42 38
26 11 46
8 78 50
87 111 56
5 87 53
95 74 57
65 27 55
4 80 58
75 91 45
54 14 48
36 49 46
88 70 47
115 83 54
113 103 54
112 87 39
53 30 52
6 2 42
47 30 59
6 112 43
82 96 46
52 16 62
78 68 53
64 24 53
55 101 52
7 54 44
9 48 62
119 14 49
115 59 53
7 3 54
65 84 56
117 45 46
34 80 38
42 51 57
56 77 41
84 121 54
117 108 52
86 72 56
15 70 50
24 29 46
75 37 53
62 115 50
23 37 43
44 91 54
