10 36 120
1 0 10000
1 10 10
2 10 20
3 10 30
4 10 40
5 10 50
6 10 60
7 20 10
8 20 20
9 20 30
10 20 40
11 20 50
12 20 60
13 30 10
14 30 20
15 30 30
16 30 40
17 30 50
18 30 60
19 40 10
20 40 20
21 40 30
22 40 40
23 40 50
24 40 60
25 50 10
26 50 20
27 50 30
28 50 40
29 50 50
30 50 60
31 60 10
32 60 20
33 60 30
34 60 40
35 60 50
36 60 60
1 2 10.0 33 113
1 7 10.0 75 155
2 1 10.0 23 173
2 3 10.0 35 156
2 8 10.0 9 154
3 2 10.0 1 139
3 4 10.0 46 107
3 9 10.0 65 159
4 3 10.0 40 120
4 5 10.0 73 132
4 10 10.0 14 123
5 4 10.0 20 177
5 6 10.0 49 171
5 11 10.0 36 135
6 5 10.0 13 159
6 12 10.0 6 190
7 1 10.0 25 152
7 8 10.0 43 112
7 13 10.0 44 124
8 2 10.0 33 121
8 7 10.0 18 140
8 9 10.0 69 198
8 14 10.0 62 136
9 3 10.0 35 124
9 8 10.0 53 123
9 10 10.0 68 150
9 15 10.0 22 115
10 4 10.0 57 148
10 9 10.0 14 190
10 11 10.0 45 166
10 16 10.0 19 192
11 5 10.0 21 113
11 10 10.0 11 139
11 12 10.0 36 130
11 17 10.0 34 122
12 6 10.0 25 107
12 11 10.0 59 176
12 18 10.0 16 147
13 7 10.0 20 126
13 14 10.0 30 100
13 19 10.0 57 183
14 8 10.0 26 175
14 13 10.0 54 137
14 15 10.0 32 165
14 20 10.0 31 155
15 9 10.0 30 135
15 14 10.0 39 142
15 16 10.0 83 171
15 21 10.0 53 140
16 10 10.0 43 148
16 15 10.0 21 114
16 17 10.0 67 173
16 22 10.0 9 103
17 11 10.0 1 178
17 16 10.0 46 198
17 18 10.0 29 194
17 23 10.0 16 182
18 12 10.0 57 180
18 17 10.0 1 108
18 24 10.0 23 139
19 13 10.0 6 127
19 20 10.0 43 199
19 25 10.0 13 104
20 14 10.0 13 177
20 19 10.0 1 185
20 21 10.0 40 187
20 26 10.0 49 180
21 15 10.0 27 121
21 20 10.0 23 168
21 22 10.0 40 197
21 27 10.0 39 134
22 16 10.0 50 132
22 21 10.0 11 149
22 23 10.0 19 195
22 28 10.0 44 105
23 17 10.0 46 179
23 22 10.0 63 136
23 24 10.0 1 128
23 29 10.0 36 167
24 18 10.0 37 136
24 23 10.0 25 150
24 30 10.0 16 121
25 19 10.0 6 126
25 26 10.0 17 112
25 31 10.0 20 158
26 20 10.0 4 194
26 25 10.0 8 174
26 27 10.0 37 106
26 32 10.0 16 128
27 21 10.0 27 170
27 26 10.0 32 173
27 28 10.0 43 163
27 33 10.0 11 192
28 22 10.0 61 168
28 27 10.0 81 178
28 29 10.0 42 102
28 34 10.0 39 176
29 23 10.0 30 118
29 28 10.0 58 144
29 30 10.0 48 118
29 35 10.0 38 161
30 24 10.0 53 144
30 29 10.0 1 173
30 36 10.0 28 174
31 25 10.0 22 154
31 32 10.0 20 171
32 26 10.0 12 109
32 31 10.0 22 149
32 33 10.0 31 147
33 27 10.0 60 200
33 32 10.0 28 197
33 34 10.0 1 155
34 28 10.0 28 141
34 33 10.0 93 144
34 35 10.0 20 176
35 29 10.0 52 155
35 34 10.0 57 162
35 36 10.0 19 121
36 30 10.0 19 125
36 35 10.0 28 188
34 22 46
8 3 51
35 11 38
3 6 54
1 16 59
15 33 45
28 27 51
29 26 44
15 17 53
23 27 54
