1000 36 120
1 0 10000
1 10 10
2 10 20
3 10 30
4 10 40
5 10 50
6 10 60
7 20 10
8 20 20
9 20 30
10 20 40
11 20 50
12 20 60
13 30 10
14 30 20
15 30 30
16 30 40
17 30 50
18 30 60
19 40 10
20 40 20
21 40 30
22 40 40
23 40 50
24 40 60
25 50 10
26 50 20
27 50 30
28 50 40
29 50 50
30 50 60
31 60 10
32 60 20
33 60 30
34 60 40
35 60 50
36 60 60
1 2 10.0 2834 195
1 7 10.0 2860 150
2 1 10.0 2857 142
2 3 10.0 3687 152
2 8 10.0 3101 170
3 2 10.0 3731 131
3 4 10.0 4006 197
3 9 10.0 3567 190
4 3 10.0 4122 110
4 5 10.0 3470 193
4 10 10.0 3657 184
5 4 10.0 3836 119
5 6 10.0 2706 148
5 11 10.0 2941 194
6 5 10.0 2755 172
6 12 10.0 2617 191
7 1 10.0 2835 195
7 8 10.0 2889 100
7 13 10.0 4155 106
8 2 10.0 3235 109
8 7 10.0 3109 189
8 9 10.0 3447 159
8 14 10.0 4140 122
9 3 10.0 3320 170
9 8 10.0 4288 169
9 10 10.0 4307 168
9 15 10.0 4021 120
10 4 10.0 3397 162
10 9 10.0 4126 108
10 11 10.0 3985 178
10 16 10.0 4314 166
11 5 10.0 2971 128
11 10 10.0 3813 148
11 12 10.0 3165 147
11 17 10.0 3441 127
12 6 10.0 2713 169
12 11 10.0 2845 119
12 18 10.0 3872 177
13 7 10.0 3721 126
13 14 10.0 3288 176
13 19 10.0 4233 166
14 8 10.0 3669 172
14 13 10.0 3404 100
14 15 10.0 4491 158
14 20 10.0 4023 101
15 9 10.0 4681 148
15 14 10.0 4148 191
15 16 10.0 4110 179
15 21 10.0 4367 134
16 10 10.0 4364 185
16 15 10.0 4300 174
16 17 10.0 4084 153
16 22 10.0 4677 156
17 11 10.0 3854 124
17 16 10.0 4688 192
17 18 10.0 3527 196
17 23 10.0 3729 114
18 12 10.0 3850 139
18 17 10.0 3877 198
18 24 10.0 3878 110
19 13 10.0 3760 182
19 20 10.0 3598 151
19 25 10.0 3720 135
20 14 10.0 4156 154
20 19 10.0 3291 181
20 21 10.0 4408 188
20 26 10.0 3601 102
21 15 10.0 4689 184
21 20 10.0 4014 195
21 22 10.0 4462 153
21 27 10.0 4396 150
22 16 10.0 4394 121
22 21 10.0 4372 122
22 23 10.0 4468 107
22 28 10.0 4334 170
23 17 10.0 4331 154
23 22 10.0 4028 159
23 24 10.0 3486 194
23 29 10.0 3364 157
24 18 10.0 4065 159
24 23 10.0 3368 146
24 30 10.0 3695 154
25 19 10.0 3394 140
25 26 10.0 3346 141
25 31 10.0 2578 145
26 20 10.0 3818 200
26 25 10.0 3216 118
26 27 10.0 3821 200
26 32 10.0 2971 115
27 21 10.0 4157 167
27 26 10.0 3794 196
27 28 10.0 4166 121
27 33 10.0 3461 138
28 22 10.0 4186 182
28 27 10.0 4305 128
28 29 10.0 4008 186
28 34 10.0 3279 105
29 23 10.0 4086 119
29 28 10.0 3824 134
29 30 10.0 2997 148
29 35 10.0 2702 187
30 24 10.0 3749 146
30 29 10.0 2847 128
30 36 10.0 2528 144
31 25 10.0 2677 186
31 32 10.0 2559 123
32 26 10.0 2933 158
32 31 10.0 2481 190
32 33 10.0 3986 116
33 27 10.0 3421 171
33 32 10.0 3440 183
33 34 10.0 4105 157
34 28 10.0 3577 101
34 33 10.0 3602 143
34 35 10.0 3781 200
35 29 10.0 3117 168
35 34 10.0 3315 154
35 36 10.0 2582 108
36 30 10.0 2502 190
36 35 10.0 2666 141
24 15 50
17 12 62
19 14 52
35 5 51
31 14 47
15 29 44
2 26 47
27 26 45
10 17 51
29 14 42
29 16 45
20 26 42
16 8 56
15 31 45
9 26 51
22 3 54
32 15 44
28 35 49
22 20 41
12 5 59
4 23 69
3 13 45
13 29 51
6 31 46
16 25 54
35 33 38
16 7 41
21 34 40
6 19 46
11 23 57
17 18 48
35 13 43
22 27 47
22 2 45
14 17 44
26 5 57
30 14 58
16 36 45
33 10 45
13 19 52
28 9 44
15 8 45
35 1 66
18 28 52
27 12 49
12 33 56
3 6 54
20 12 57
4 16 43
6 8 42
12 13 48
1 21 51
9 12 57
28 20 44
11 14 45
15 25 47
15 7 53
11 16 57
26 33 58
13 8 55
12 1 58
26 13 51
8 29 50
6 25 44
5 21 53
6 7 59
28 27 51
28 2 47
15 36 60
36 10 50
7 10 54
13 25 48
8 31 66
17 9 62
3 15 51
25 10 48
26 1 42
12 6 57
27 18 51
2 18 41
6 36 46
20 18 53
32 23 57
35 15 42
13 36 53
17 3 42
9 18 40
24 14 52
31 10 53
36 21 48
26 6 54
29 10 49
24 16 61
25 21 58
21 26 42
17 27 49
27 35 47
17 2 48
12 15 46
19 21 44
18 11 49
20 35 45
1 34 52
31 21 51
32 14 48
29 21 45
32 16 52
9 35 57
10 28 47
34 12 41
8 25 50
26 15 48
8 7 46
30 10 52
2 9 60
5 34 48
20 9 51
8 36 50
4 10 52
16 33 37
21 12 56
2 3 47
27 3 49
23 26 54
2 20 43
27 20 52
30 21 40
15 5 49
3 23 40
11 10 47
9 3 54
18 22 50
34 18 53
6 5 37
25 34 53
2 27 50
4 21 64
27 2 47
35 23 58
20 27 51
20 2 45
13 5 70
9 27 55
11 21 52
19 34 37
31 34 59
15 33 45
16 6 44
21 18 43
29 34 56
3 16 43
18 30 56
15 13 55
1 26 63
34 35 49
35 14 45
23 12 37
10 11 44
35 16 47
33 26 50
15 1 65
13 33 44
26 23 55
5 26 43
22 32 42
6 1 53
34 9 59
21 35 57
32 10 39
12 14 59
30 34 59
15 6 49
12 16 54
13 1 42
8 5 36
14 11 54
4 34 44
10 4 40
28 17 49
26 14 47
23 18 54
36 26 50
26 16 62
1 12 44
32 21 42
13 6 51
25 26 51
11 34 59
33 12 45
34 27 55
34 2 51
21 3 53
5 12 37
19 26 46
21 20 55
8 13 49
6 15 61
29 26 44
14 4 52
21 27 55
10 30 57
13 15 47
8 1 42
1 18 48
22 24 45
36 12 45
33 18 44
7 12 52
25 12 54
18 29 60
8 6 41
16 23 53
17 32 62
30 26 47
19 12 58
23 3 52
31 12 54
32 34 59
14 30 52
3 21 51
23 20 50
1 35 52
18 19 52
29 12 54
4 26 46
33 35 43
35 21 50
12 10 51
11 26 49
28 24 47
23 27 54
16 14 59
8 15 52
7 18 42
25 18 47
15 23 41
1 9 55
27 17 51
33 9 47
20 17 42
19 18 41
30 12 54
1 3 55
5 9 48
29 18 51
1 20 48
13 23 56
18 25 60
33 3 47
18 7 42
4 12 48
33 20 45
26 21 58
25 35 39
15 14 51
24 26 43
9 32 60
15 16 48
1 27 46
17 24 45
1 2 52
18 36 46
5 20 52
11 12 45
6 14 47
33 27 52
33 2 45
19 35 47
6 16 50
3 34 49
10 29 44
36 9 57
31 35 52
29 35 44
7 9 40
25 9 48
5 27 51
5 2 44
30 18 55
32 26 48
13 16 47
10 19 52
19 9 43
36 20 56
31 9 64
22 11 64
7 20 57
25 20 47
29 9 46
8 23 56
24 12 49
11 18 64
14 29 41
36 27 37
19 3 47
36 2 39
12 34 42
31 3 59
7 27 52
25 27 54
19 20 41
7 2 53
25 2 52
29 3 47
31 20 52
10 8 44
14 31 62
2 24 50
29 20 54
16 10 57
4 35 44
14 19 44
19 27 35
19 2 69
31 27 45
32 12 39
31 2 36
9 24 51
34 32 51
29 27 35
29 2 44
10 25 53
10 7 55
28 11 46
11 35 34
21 17 49
24 18 53
4 9 54
18 5 67
3 26 43
11 9 46
15 10 51
2 28 42
27 28 47
4 3 48
35 26 57
20 28 40
4 20 55
30 2 51
14 25 60
6 10 39
22 30 40
28 4 56
9 28 49
11 3 59
24 35 55
11 20 53
18 33 57
13 10 41
4 27 48
4 2 65
14 36 45
18 13 45
12 26 48
23 17 46
11 27 63
11 2 54
3 12 42
32 35 59
18 1 47
34 24 55
13 21 49
24 3 51
16 34 49
17 4 50
18 6 48
32 9 58
21 24 49
17 22 52
24 27 59
1 17 40
8 10 52
24 2 56
2 11 45
32 3 40
27 11 44
3 18 53
33 17 43
20 11 58
32 20 50
34 28 46
9 11 58
5 17 54
1 32 51
26 12 48
18 15 42
15 34 38
32 27 58
8 21 52
33 32 42
32 2 58
6 34 62
10 33 56
5 32 46
21 28 46
3 35 42
14 5 50
27 4 57
20 4 53
36 17 41
7 17 55
25 17 49
9 4 58
27 22 59
2 22 68
22 31 57
20 22 62
26 18 46
3 9 48
16 26 41
22 19 42
36 32 35
9 22 35
19 17 47
14 33 60
31 17 47
25 32 55
7 32 51
35 9 47
29 17 46
10 6 37
12 35 41
14 13 48
3 20 50
2 30 55
27 30 41
19 32 45
28 29 40
31 32 52
20 30 51
35 3 50
23 28 50
26 35 43
1 24 41
34 11 59
35 20 57
8 34 49
9 30 65
3 27 38
3 2 62
12 9 48
33 24 45
18 23 44
15 26 46
28 19 56
10 15 58
35 27 36
22 25 49
14 6 46
22 7 42
12 3 62
26 9 46
21 11 36
12 20 45
13 26 47
4 17 44
22 36 47
30 32 36
34 4 51
26 3 66
18 14 65
17 29 52
28 8 43
12 27 44
18 16 52
11 17 56
36 24 49
34 22 46
4 32 53
14 15 60
17 31 47
7 24 61
25 24 38
26 27 55
26 2 47
28 25 47
17 19 48
16 18 51
21 4 55
5 28 52
28 7 57
11 32 42
19 24 45
6 12 52
31 24 55
21 22 53
29 24 55
28 36 43
23 11 41
34 30 40
13 12 52
24 17 44
17 8 55
36 28 52
16 35 50
7 28 54
10 23 51
2 29 44
27 29 50
15 18 38
21 30 65
24 32 51
20 29 41
17 25 49
17 7 63
32 17 44
30 24 57
2 31 43
6 18 31
27 31 52
9 29 49
19 28 41
31 28 50
23 4 46
16 9 50
20 31 52
2 19 40
27 19 60
13 18 40
22 5 47
1 11 69
9 31 48
4 24 38
20 19 57
10 14 45
33 11 42
9 19 64
10 16 64
14 23 68
8 12 56
16 20 65
11 24 37
5 11 40
6 35 62
18 10 61
20 8 48
16 27 46
16 2 42
22 33 48
30 28 46
13 35 47
15 9 45
23 30 52
9 8 52
1 4 56
2 25 61
27 25 53
28 5 43
27 7 53
6 9 53
33 4 52
14 16 49
36 11 42
20 7 45
15 3 49
18 21 52
1 22 40
22 1 37
7 11 57
15 20 57
8 18 61
9 25 45
5 4 45
9 7 47
33 22 57
2 36 59
27 36 55
3 17 52
6 3 50
6 20 58
5 22 64
15 27 46
19 11 48
15 2 53
9 36 55
22 6 48
31 11 38
35 17 57
29 11 44
13 20 57
34 31 57
3 32 53
1 30 46
32 24 61
6 2 62
28 13 43
36 4 65
34 19 49
8 35 49
33 30 51
17 5 59
7 4 51
25 4 63
13 27 43
35 32 47
13 2 44
28 1 56
12 17 47
36 22 47
5 30 48
24 28 41
7 22 44
25 22 61
22 15 47
19 4 47
8 9 52
30 11 45
29 4 55
34 8 48
26 17 56
19 22 51
18 34 47
31 22 52
32 28 58
29 22 45
8 3 51
17 13 54
36 30 39
8 20 49
34 25 56
26 32 59
34 7 45
21 8 53
10 21 56
17 1 44
23 29 45
8 27 54
8 2 61
2 5 41
28 15 50
30 4 49
19 30 48
27 5 51
14 10 50
31 30 48
20 5 47
21 25 55
21 7 48
17 6 40
9 5 46
23 19 49
35 24 51
21 36 36
4 22 53
14 21 57
11 4 56
2 33 56
24 11 48
2 13 51
23 8 49
9 33 44
20 13 44
17 15 61
3 28 65
1 31 42
2 1 44
27 1 50
18 26 55
32 11 35
4 30 61
20 1 54
26 24 56
33 31 39
16 17 46
1 19 47
23 25 51
35 28 50
23 7 51
9 1 38
33 19 62
24 4 57
11 30 64
5 31 54
2 6 45
22 14 58
27 6 53
20 6 61
5 19 45
28 23 57
12 28 42
1 8 51
36 29 58
34 5 50
32 4 54
25 29 57
7 29 44
14 34 45
15 17 53
36 31 51
26 28 47
7 31 50
5 8 48
18 12 36
2 15 43
1 25 63
25 31 42
32 22 45
1 7 45
36 19 40
19 29 55
20 15 51
6 17 47
24 30 51
31 29 45
21 5 49
7 19 51
25 19 51
33 25 50
28 14 46
9 15 58
15 32 56
28 16 47
34 33 51
19 31 53
13 17 50
1 36 61
5 25 52
5 7 51
34 13 46
29 31 49
3 11 57
17 23 44
6 32 48
33 36 57
31 19 39
36 8 50
32 30 37
29 19 40
5 36 50
7 8 49
13 32 55
25 8 56
35 11 38
34 1 58
10 26 59
21 13 50
30 29 59
16 24 48
36 25 52
36 7 61
19 8 45
31 8 55
7 25 50
34 6 45
25 7 43
17 14 55
29 8 58
30 31 46
17 16 63
3 4 37
4 29 43
12 11 57
23 5 49
30 19 59
19 25 53
7 36 47
25 36 44
19 7 55
8 17 26
31 25 55
4 31 48
3 22 52
31 7 47
18 35 44
22 10 55
29 25 56
14 26 46
26 11 47
21 6 49
4 19 38
2 23 45
27 23 46
11 31 41
35 22 46
15 24 58
31 36 52
20 23 60
34 15 43
8 32 52
29 36 43
16 28 65
23 33 44
30 8 54
9 23 43
18 9 53
12 4 45
22 21 53
6 24 45
23 13 49
3 30 46
4 8 52
13 24 53
30 25 72
18 3 51
30 7 55
24 29 54
27 14 52
23 1 57
2 14 49
35 30 41
26 4 58
33 5 42
28 10 46
2 16 48
20 14 57
11 8 35
20 16 43
14 12 46
24 31 49
4 25 54
26 22 66
4 7 60
30 36 49
9 16 55
10 18 55
15 28 41
18 27 66
23 6 58
18 2 68
1 33 60
11 25 52
32 29 48
11 7 40
12 30 52
28 21 54
4 36 60
6 28 40
1 13 53
32 31 47
33 13 46
13 28 55
11 36 56
5 33 50
32 19 53
7 5 44
24 8 46
5 13 43
17 10 46
10 35 52
8 24 67
33 1 43
14 18 46
22 34 55
16 11 60
5 1 51
31 5 51
24 25 53
24 7 51
29 5 71
36 33 62
33 6 44
32 8 46
17 21 43
7 33 48
25 33 53
21 23 49
24 36 52
5 6 54
7 13 50
25 13 44
14 35 63
34 14 56
19 33 56
32 7 55
36 1 65
10 20 56
8 28 46
31 33 59
16 4 48
15 11 52
3 29 51
1 15 52
7 1 61
29 33 58
25 1 52
19 13 56
30 5 52
29 13 55
2 10 46
6 11 54
27 10 67
3 31 53
10 27 46
35 29 54
36 6 45
20 10 49
19 1 57
5 15 49
31 1 55
25 6 44
21 16 45
3 19 60
7 6 54
13 11 52
9 10 53
35 31 46
14 20 53
11 5 54
35 19 38
2 21 58
27 21 46
15 4 53
30 33 48
31 6 50
16 30 49
20 21 56
22 26 55
29 6 56
30 13 59
17 34 50
3 8 58
9 21 39
36 15 39
6 4 51
14 27 52
15 22 39
12 31 58
14 2 45
4 33 54
7 15 43
25 15 68
26 29 56
12 19 39
13 4 58
30 1 50
4 13 62
35 8 53
6 22 52
11 33 43
3 25 52
26 31 49
3 7 40
31 15 60
11 13 60
13 22 47
4 1 47
23 16 46
26 19 52
29 15 35
8 11 48
35 25 38
15 30 50
3 36 44
1 23 49
28 26 38
12 8 49
11 1 56
6 30 49
22 12 56
4 6 48
35 36 46
32 5 57
34 10 58
18 17 47
26 8 56
12 25 54
12 7 43
2 34 35
20 34 43
30 15 55
1 14 45
18 32 49
9 34 44
1 16 59
26 7 64
33 14 42
21 10 53
34 21 54
4 15 41
8 22 55
33 16 39
24 1 64
17 26 57
32 33 52
36 23 41
22 18 52
5 14 59
28 12 47
26 36 51
7 23 56
5 16 42
32 13 57
11 15 52
24 6 41
16 29 51
19 23 58
32 1 41
31 23 48
8 30 57
29 23 44
36 14 52
22 35 55
36 16 43
7 14 66
32 6 50
3 5 56
7 16 36
25 16 60
28 18 57
23 10 39
