500 36 120
1 0 10000
1 10 10
2 10 20
3 10 30
4 10 40
5 10 50
6 10 60
7 20 10
8 20 20
9 20 30
10 20 40
11 20 50
12 20 60
13 30 10
14 30 20
15 30 30
16 30 40
17 30 50
18 30 60
19 40 10
20 40 20
21 40 30
22 40 40
23 40 50
24 40 60
25 50 10
26 50 20
27 50 30
28 50 40
29 50 50
30 50 60
31 60 10
32 60 20
33 60 30
34 60 40
35 60 50
36 60 60
1 2 10.0 1314 198
1 7 10.0 1381 186
2 1 10.0 1393 187
2 3 10.0 1754 159
2 8 10.0 1461 172
3 2 10.0 1883 113
3 4 10.0 2111 179
3 9 10.0 1682 195
4 3 10.0 1889 151
4 5 10.0 1894 135
4 10 10.0 1877 148
5 4 10.0 1648 115
5 6 10.0 1551 174
5 11 10.0 1271 194
6 5 10.0 1190 137
6 12 10.0 1528 181
7 1 10.0 1451 191
7 8 10.0 1469 194
7 13 10.0 2109 162
8 2 10.0 1625 147
8 7 10.0 1545 100
8 9 10.0 1760 156
8 14 10.0 2071 124
9 3 10.0 1661 168
9 8 10.0 2330 125
9 10 10.0 2004 137
9 15 10.0 1788 146
10 4 10.0 1534 152
10 9 10.0 2053 184
10 11 10.0 1908 160
10 16 10.0 2267 188
11 5 10.0 1426 134
11 10 10.0 1973 146
11 12 10.0 1530 181
11 17 10.0 1919 148
12 6 10.0 1235 164
12 11 10.0 1497 105
12 18 10.0 2100 163
13 7 10.0 1775 130
13 14 10.0 1507 100
13 19 10.0 1997 160
14 8 10.0 1870 145
14 13 10.0 1771 122
14 15 10.0 2063 186
14 20 10.0 1963 169
15 9 10.0 2351 141
15 14 10.0 2047 124
15 16 10.0 2029 200
15 21 10.0 2119 152
16 10 10.0 2001 191
16 15 10.0 2183 132
16 17 10.0 2253 156
16 22 10.0 2132 163
17 11 10.0 1923 181
17 16 10.0 2192 146
17 18 10.0 2176 116
17 23 10.0 1884 126
18 12 10.0 2102 103
18 17 10.0 2036 142
18 24 10.0 2153 186
19 13 10.0 2024 153
19 20 10.0 1614 143
19 25 10.0 1831 112
20 14 10.0 2052 167
20 19 10.0 1753 190
20 21 10.0 1996 162
20 26 10.0 1711 121
21 15 10.0 2236 110
21 20 10.0 2025 118
21 22 10.0 1926 146
21 27 10.0 2237 111
22 16 10.0 2184 127
22 21 10.0 2333 184
22 23 10.0 2122 121
22 28 10.0 2035 192
23 17 10.0 2115 118
23 22 10.0 2313 173
23 24 10.0 1867 184
23 29 10.0 1749 176
24 18 10.0 2123 192
24 23 10.0 1641 160
24 30 10.0 2141 101
25 19 10.0 1652 162
25 26 10.0 1589 164
25 31 10.0 1331 193
26 20 10.0 1800 191
26 25 10.0 1511 149
26 27 10.0 1826 180
26 32 10.0 1432 134
27 21 10.0 2021 152
27 26 10.0 1977 198
27 28 10.0 2009 129
27 33 10.0 1688 109
28 22 10.0 2236 121
28 27 10.0 2212 176
28 29 10.0 2045 140
28 34 10.0 1616 115
29 23 10.0 2129 147
29 28 10.0 2201 198
29 30 10.0 1441 164
29 35 10.0 1318 160
30 24 10.0 1722 181
30 29 10.0 1582 196
30 36 10.0 1340 120
31 25 10.0 1334 120
31 32 10.0 1357 157
32 26 10.0 1412 116
32 31 10.0 1326 128
32 33 10.0 1990 177
33 27 10.0 1608 159
33 32 10.0 1613 186
33 34 10.0 2078 131
34 28 10.0 1778 193
34 33 10.0 1827 133
34 35 10.0 1858 137
35 29 10.0 1528 175
35 34 10.0 1624 112
35 36 10.0 1283 109
36 30 10.0 1284 133
36 35 10.0 1431 131
18 16 52
23 10 39
11 26 49
24 15 50
36 8 50
17 12 62
32 30 37
8 15 52
19 14 52
34 22 46
5 36 50
35 5 51
7 8 49
35 11 38
34 1 58
31 14 47
25 24 38
7 24 61
17 31 47
10 26 59
10 17 51
27 26 45
29 16 45
20 26 42
16 18 51
16 8 56
21 13 50
11 32 42
16 24 48
36 25 52
19 18 41
19 8 45
30 12 54
7 25 50
34 6 45
25 7 43
31 24 55
29 18 51
29 8 58
21 22 53
30 31 46
28 35 49
22 20 41
12 5 59
18 25 60
13 29 51
4 29 43
18 7 42
6 31 46
28 36 43
3 13 45
23 11 41
34 30 40
16 25 54
4 12 48
13 12 52
26 21 58
15 14 51
19 25 53
7 36 47
24 17 44
21 34 40
8 17 26
6 19 46
24 26 43
31 25 55
4 31 48
3 22 52
35 13 43
22 27 47
17 24 45
1 2 52
22 2 45
29 25 56
18 36 46
14 17 44
36 28 52
26 5 57
30 14 58
5 20 52
16 35 50
33 10 45
4 19 38
2 23 45
6 16 50
2 29 44
11 31 41
10 29 44
31 35 52
35 22 46
27 29 50
15 8 45
15 24 58
31 36 52
24 32 51
21 30 65
29 35 44
27 12 49
25 9 48
17 25 49
5 27 51
12 33 56
23 33 44
3 6 54
30 18 55
6 18 31
18 9 53
27 31 52
6 8 42
9 29 49
12 13 48
22 21 53
31 28 50
23 13 49
23 4 46
20 31 52
28 20 44
3 30 46
11 14 45
27 19 60
19 9 43
36 20 56
11 16 57
26 33 58
4 8 52
22 5 47
1 11 69
13 8 55
4 24 38
13 24 53
20 19 57
25 20 47
29 9 46
12 1 58
30 7 55
24 29 54
10 14 45
26 13 51
27 14 52
35 30 41
23 1 57
8 29 50
9 19 64
28 27 51
24 12 49
11 18 64
8 12 56
11 8 35
14 29 41
36 27 37
14 23 68
19 3 47
16 20 65
31 3 59
14 12 46
24 31 49
25 27 54
13 25 48
7 2 53
25 2 52
17 9 62
4 7 60
6 35 62
26 1 42
12 6 57
27 18 51
15 28 41
10 18 55
14 31 62
18 27 66
23 6 58
2 24 50
2 18 41
20 18 53
20 8 48
16 27 46
16 2 42
22 33 48
11 25 52
4 35 44
11 7 40
12 30 52
15 9 45
30 28 46
19 27 35
4 36 60
19 2 69
6 28 40
17 3 42
9 8 52
9 18 40
31 27 45
24 14 52
32 12 39
1 13 53
36 21 48
29 27 35
29 2 44
10 25 53
28 5 43
25 21 58
27 7 53
6 9 53
28 11 46
11 35 34
36 11 42
18 21 52
7 11 57
24 8 46
24 18 53
15 20 57
9 25 45
4 9 54
5 13 43
17 27 49
17 10 46
17 2 48
8 24 67
8 18 61
33 22 57
2 36 59
3 26 43
3 17 52
33 1 43
20 35 45
22 34 55
29 21 45
32 16 52
11 9 46
5 22 64
15 10 51
15 27 46
5 1 51
15 2 53
34 12 41
31 5 51
24 7 51
26 15 48
8 7 46
20 28 40
29 11 44
30 10 52
3 32 53
2 9 60
17 21 43
1 30 46
32 24 61
6 2 62
7 33 48
25 33 53
20 9 51
36 4 65
8 35 49
33 30 51
21 23 49
24 36 52
5 6 54
11 20 53
7 13 50
25 4 63
13 10 41
13 27 43
35 32 47
14 35 63
4 2 65
7 4 51
21 12 56
27 3 49
28 1 56
18 13 45
12 17 47
36 22 47
23 17 46
24 28 41
2 20 43
10 20 56
3 23 40
7 22 44
11 10 47
7 1 61
22 15 47
29 33 58
19 13 56
25 1 52
9 3 54
30 5 52
32 35 59
30 11 45
29 13 55
29 4 55
25 34 53
6 11 54
3 31 53
27 2 47
4 21 64
35 29 54
36 6 45
19 22 51
20 10 49
5 15 49
31 1 55
25 6 44
3 19 60
32 28 58
24 3 51
8 3 51
16 34 49
17 4 50
11 21 52
18 6 48
8 20 49
26 32 59
15 33 45
32 9 58
29 34 56
21 8 53
3 16 43
18 30 56
10 21 56
15 13 55
30 33 48
1 26 63
24 27 59
20 21 56
22 26 55
24 2 56
8 10 52
8 2 61
2 5 41
28 15 50
30 13 59
30 4 49
23 12 37
3 18 53
14 10 50
35 16 47
33 26 50
15 22 39
12 31 58
20 11 58
21 25 55
21 7 48
7 15 43
26 29 56
9 5 46
9 11 58
5 17 54
13 4 58
30 1 50
18 15 42
35 8 53
23 19 49
35 24 51
6 1 53
34 9 59
21 35 57
32 27 58
26 31 49
32 10 39
12 14 59
30 34 59
15 6 49
31 15 60
6 34 62
26 19 52
10 33 56
29 15 35
3 35 42
14 5 50
2 13 51
10 4 40
4 34 44
28 17 49
12 8 49
11 1 56
9 33 44
36 26 50
20 13 44
17 15 61
1 12 44
32 21 42
22 12 56
4 6 48
3 28 65
7 17 55
25 17 49
35 36 46
11 34 59
27 22 59
9 4 58
2 1 44
27 1 50
34 10 58
18 26 55
20 22 62
34 2 51
26 8 56
4 30 61
26 24 56
33 31 39
12 7 43
23 25 51
22 19 42
35 28 50
23 7 51
9 22 35
5 12 37
19 26 46
21 20 55
14 33 60
31 17 47
33 19 62
11 30 64
29 26 44
2 6 45
29 17 46
9 34 44
1 16 59
14 13 48
14 4 52
3 20 50
21 10 53
34 21 54
2 30 55
10 30 57
4 15 41
8 22 55
33 16 39
27 30 41
28 23 57
28 29 40
31 32 52
17 26 57
32 33 52
1 18 48
34 5 50
23 28 50
28 12 47
34 11 59
22 24 45
7 23 56
8 34 49
9 30 65
32 13 57
32 4 54
25 29 57
7 29 44
33 18 44
3 2 62
11 15 52
25 12 54
15 26 46
15 17 53
18 23 44
36 31 51
8 6 41
16 23 53
7 31 50
1 25 63
35 27 36
30 26 47
14 6 46
19 23 58
22 7 42
22 25 49
6 17 47
24 30 51
8 30 57
12 3 62
26 9 46
31 29 45
7 19 51
21 11 36
25 19 51
28 14 46
19 12 58
29 23 44
31 12 54
15 32 56
28 16 47
36 14 52
34 33 51
1 35 52
19 31 53
29 12 54
22 35 55
4 17 44
1 36 61
5 7 51
32 6 50
34 13 46
3 5 56
33 35 43
7 16 36
33 36 57
18 14 65
28 8 43
35 21 50
12 27 44
23 27 54
