1000 441 1680
1 0 10000
1 10 10
2 10 20
3 10 30
4 10 40
5 10 50
6 10 60
7 10 70
8 10 80
9 10 90
10 10 100
11 10 110
12 10 120
13 10 130
14 10 140
15 10 150
16 10 160
17 10 170
18 10 180
19 10 190
20 10 200
21 10 210
22 20 10
23 20 20
24 20 30
25 20 40
26 20 50
27 20 60
28 20 70
29 20 80
30 20 90
31 20 100
32 20 110
33 20 120
34 20 130
35 20 140
36 20 150
37 20 160
38 20 170
39 20 180
40 20 190
41 20 200
42 20 210
43 30 10
44 30 20
45 30 30
46 30 40
47 30 50
48 30 60
49 30 70
50 30 80
51 30 90
52 30 100
53 30 110
54 30 120
55 30 130
56 30 140
57 30 150
58 30 160
59 30 170
60 30 180
61 30 190
62 30 200
63 30 210
64 40 10
65 40 20
66 40 30
67 40 40
68 40 50
69 40 60
70 40 70
71 40 80
72 40 90
73 40 100
74 40 110
75 40 120
76 40 130
77 40 140
78 40 150
79 40 160
80 40 170
81 40 180
82 40 190
83 40 200
84 40 210
85 50 10
86 50 20
87 50 30
88 50 40
89 50 50
90 50 60
91 50 70
92 50 80
93 50 90
94 50 100
95 50 110
96 50 120
97 50 130
98 50 140
99 50 150
100 50 160
101 50 170
102 50 180
103 50 190
104 50 200
105 50 210
106 60 10
107 60 20
108 60 30
109 60 40
110 60 50
111 60 60
112 60 70
113 60 80
114 60 90
115 60 100
116 60 110
117 60 120
118 60 130
119 60 140
120 60 150
121 60 160
122 60 170
123 60 180
124 60 190
125 60 200
126 60 210
127 70 10
128 70 20
129 70 30
130 70 40
131 70 50
132 70 60
133 70 70
134 70 80
135 70 90
136 70 100
137 70 110
138 70 120
139 70 130
140 70 140
141 70 150
142 70 160
143 70 170
144 70 180
145 70 190
146 70 200
147 70 210
148 80 10
149 80 20
150 80 30
151 80 40
152 80 50
153 80 60
154 80 70
155 80 80
156 80 90
157 80 100
158 80 110
159 80 120
160 80 130
161 80 140
162 80 150
163 80 160
164 80 170
165 80 180
166 80 190
167 80 200
168 80 210
169 90 10
170 90 20
171 90 30
172 90 40
173 90 50
174 90 60
175 90 70
176 90 80
177 90 90
178 90 100
179 90 110
180 90 120
181 90 130
182 90 140
183 90 150
184 90 160
185 90 170
186 90 180
187 90 190
188 90 200
189 90 210
190 100 10
191 100 20
192 100 30
193 100 40
194 100 50
195 100 60
196 100 70
197 100 80
198 100 90
199 100 100
200 100 110
201 100 120
202 100 130
203 100 140
204 100 150
205 100 160
206 100 170
207 100 180
208 100 190
209 100 200
210 100 210
211 110 10
212 110 20
213 110 30
214 110 40
215 110 50
216 110 60
217 110 70
218 110 80
219 110 90
220 110 100
221 110 110
222 110 120
223 110 130
224 110 140
225 110 150
226 110 160
227 110 170
228 110 180
229 110 190
230 110 200
231 110 210
232 120 10
233 120 20
234 120 30
235 120 40
236 120 50
237 120 60
238 120 70
239 120 80
240 120 90
241 120 100
242 120 110
243 120 120
244 120 130
245 120 140
246 120 150
247 120 160
248 120 170
249 120 180
250 120 190
251 120 200
252 120 210
253 130 10
254 130 20
255 130 30
256 130 40
257 130 50
258 130 60
259 130 70
260 130 80
261 130 90
262 130 100
263 130 110
264 130 120
265 130 130
266 130 140
267 130 150
268 130 160
269 130 170
270 130 180
271 130 190
272 130 200
273 130 210
274 140 10
275 140 20
276 140 30
277 140 40
278 140 50
279 140 60
280 140 70
281 140 80
282 140 90
283 140 100
284 140 110
285 140 120
286 140 130
287 140 140
288 140 150
289 140 160
290 140 170
291 140 180
292 140 190
293 140 200
294 140 210
295 150 10
296 150 20
297 150 30
298 150 40
299 150 50
300 150 60
301 150 70
302 150 80
303 150 90
304 150 100
305 150 110
306 150 120
307 150 130
308 150 140
309 150 150
310 150 160
311 150 170
312 150 180
313 150 190
314 150 200
315 150 210
316 160 10
317 160 20
318 160 30
319 160 40
320 160 50
321 160 60
322 160 70
323 160 80
324 160 90
325 160 100
326 160 110
327 160 120
328 160 130
329 160 140
330 160 150
331 160 160
332 160 170
333 160 180
334 160 190
335 160 200
336 160 210
337 170 10
338 170 20
339 170 30
340 170 40
341 170 50
342 170 60
343 170 70
344 170 80
345 170 90
346 170 100
347 170 110
348 170 120
349 170 130
350 170 140
351 170 150
352 170 160
353 170 170
354 170 180
355 170 190
356 170 200
357 170 210
358 180 10
359 180 20
360 180 30
361 180 40
362 180 50
363 180 60
364 180 70
365 180 80
366 180 90
367 180 100
368 180 110
369 180 120
370 180 130
371 180 140
372 180 150
373 180 160
374 180 170
375 180 180
376 180 190
377 180 200
378 180 210
379 190 10
380 190 20
381 190 30
382 190 40
383 190 50
384 190 60
385 190 70
386 190 80
387 190 90
388 190 100
389 190 110
390 190 120
391 190 130
392 190 140
393 190 150
394 190 160
395 190 170
396 190 180
397 190 190
398 190 200
399 190 210
400 200 10
401 200 20
402 200 30
403 200 40
404 200 50
405 200 60
406 200 70
407 200 80
408 200 90
409 200 100
410 200 110
411 200 120
412 200 130
413 200 140
414 200 150
415 200 160
416 200 170
417 200 180
418 200 190
419 200 200
420 200 210
421 210 10
422 210 20
423 210 30
424 210 40
425 210 50
426 210 60
427 210 70
428 210 80
429 210 90
430 210 100
431 210 110
432 210 120
433 210 130
434 210 140
435 210 150
436 210 160
437 210 170
438 210 180
439 210 190
440 210 200
441 210 210
1 2 10.0 2267 139
1 22 10.0 2554 124
2 1 10.0 2659 182
2 3 10.0 3374 168
2 23 10.0 1916 161
3 2 10.0 3106 123
3 4 10.0 3941 191
3 24 10.0 2970 139
4 3 10.0 3792 196
4 5 10.0 3896 182
4 25 10.0 3145 149
5 4 10.0 3955 199
5 6 10.0 4191 174
5 26 10.0 3542 171
6 5 10.0 4483 121
6 7 10.0 4252 134
6 27 10.0 3487 140
7 6 10.0 4489 134
7 8 10.0 4732 193
7 28 10.0 3632 166
8 7 10.0 4791 130
8 9 10.0 4681 128
8 29 10.0 4024 130
9 8 10.0 4756 136
9 10 10.0 4936 199
9 30 10.0 3998 105
10 9 10.0 4589 127
10 11 10.0 4924 103
10 31 10.0 4003 170
11 10 10.0 4686 182
11 12 10.0 4827 116
11 32 10.0 4294 152
12 11 10.0 4961 109
12 13 10.0 4941 109
12 33 10.0 4284 122
13 12 10.0 5014 191
13 14 10.0 4799 170
13 34 10.0 4484 148
14 13 10.0 5408 196
14 15 10.0 4817 173
14 35 10.0 3791 147
15 14 10.0 4978 170
15 16 10.0 4612 130
15 36 10.0 4247 150
16 15 10.0 5017 154
16 17 10.0 4166 185
16 37 10.0 3872 136
17 16 10.0 4770 143
17 18 10.0 4255 181
17 38 10.0 3149 184
18 17 10.0 4320 189
18 19 10.0 3781 146
18 39 10.0 3658 181
19 18 10.0 3937 182
19 20 10.0 3110 127
19 40 10.0 3386 147
20 19 10.0 3940 142
20 21 10.0 2724 109
20 41 10.0 2083 177
21 20 10.0 2767 158
21 42 10.0 2668 190
22 1 10.0 2322 115
22 23 10.0 1990 124
22 43 10.0 3494 121
23 2 10.0 2358 124
23 22 10.0 2572 126
23 24 10.0 2405 106
23 44 10.0 2298 156
24 3 10.0 2911 126
24 23 10.0 3047 120
24 25 10.0 2648 161
24 45 10.0 3034 131
25 4 10.0 3069 191
25 24 10.0 3157 136
25 26 10.0 2866 135
25 46 10.0 2962 140
26 5 10.0 3413 104
26 25 10.0 3242 129
26 27 10.0 3221 168
26 47 10.0 3273 120
27 6 10.0 3617 121
27 26 10.0 3296 126
27 28 10.0 3390 196
27 48 10.0 3562 181
28 7 10.0 3740 133
28 27 10.0 3948 200
28 29 10.0 3990 112
28 49 10.0 3640 141
29 8 10.0 4113 171
29 28 10.0 3837 103
29 30 10.0 3360 119
29 50 10.0 3884 199
30 9 10.0 4027 195
30 29 10.0 3831 114
30 31 10.0 3701 177
30 51 10.0 3796 154
31 10 10.0 3961 118
31 30 10.0 4174 145
31 32 10.0 3642 171
31 52 10.0 4122 170
32 11 10.0 4033 152
32 31 10.0 4092 111
32 33 10.0 3895 137
32 53 10.0 3644 133
33 12 10.0 3916 152
33 32 10.0 3829 166
33 34 10.0 4481 180
33 54 10.0 3952 148
34 13 10.0 3832 135
34 33 10.0 3843 100
34 35 10.0 4081 167
34 55 10.0 4323 178
35 14 10.0 4160 141
35 34 10.0 3673 183
35 36 10.0 4020 161
35 56 10.0 3698 169
36 15 10.0 3767 176
36 35 10.0 3593 198
36 37 10.0 3779 121
36 57 10.0 4079 100
37 16 10.0 3577 169
37 36 10.0 3513 138
37 38 10.0 4142 163
37 58 10.0 3283 127
38 17 10.0 3578 145
38 37 10.0 3304 109
38 39 10.0 3429 134
38 59 10.0 3687 170
39 18 10.0 3494 163
39 38 10.0 3457 174
39 40 10.0 2937 104
39 60 10.0 3521 127
40 19 10.0 2835 122
40 39 10.0 3006 157
40 41 10.0 2621 181
40 61 10.0 3390 185
41 20 10.0 2669 120
41 40 10.0 2589 146
41 42 10.0 2615 111
41 62 10.0 2453 187
42 21 10.0 2792 173
42 41 10.0 2595 126
42 63 10.0 3393 171
43 22 10.0 2554 136
43 44 10.0 3005 188
43 64 10.0 3673 187
44 23 10.0 2707 159
44 43 10.0 2807 161
44 45 10.0 2959 155
44 65 10.0 2628 152
45 24 10.0 2979 188
45 44 10.0 2827 122
45 46 10.0 2754 115
45 66 10.0 3738 184
46 25 10.0 3001 189
46 45 10.0 3442 195
46 47 10.0 3430 143
46 67 10.0 3015 159
47 26 10.0 3512 113
47 46 10.0 3455 137
47 48 10.0 3592 120
47 68 10.0 3285 118
48 27 10.0 3442 172
48 47 10.0 3823 121
48 49 10.0 3759 198
48 69 10.0 3759 174
49 28 10.0 3876 183
49 48 10.0 3909 157
49 50 10.0 3755 138
49 70 10.0 4129 147
50 29 10.0 3740 116
50 49 10.0 4061 163
50 51 10.0 3966 105
50 71 10.0 3870 133
51 30 10.0 3789 141
51 50 10.0 4250 104
51 52 10.0 3990 109
51 72 10.0 3805 195
52 31 10.0 4060 100
52 51 10.0 4086 199
52 53 10.0 4028 106
52 73 10.0 4291 103
53 32 10.0 4056 120
53 52 10.0 3948 179
53 54 10.0 4200 197
53 74 10.0 4081 193
54 33 10.0 4042 200
54 53 10.0 3903 159
54 55 10.0 4287 153
54 75 10.0 3984 186
55 34 10.0 3738 188
55 54 10.0 4132 154
55 56 10.0 4209 107
55 76 10.0 4076 196
56 35 10.0 3892 172
56 55 10.0 3980 124
56 57 10.0 3900 127
56 77 10.0 4595 168
57 36 10.0 3735 195
57 56 10.0 4437 190
57 58 10.0 3737 112
57 78 10.0 3918 142
58 37 10.0 3677 192
58 57 10.0 3588 111
58 59 10.0 3887 149
58 79 10.0 4074 102
59 38 10.0 3329 166
59 58 10.0 3726 126
59 60 10.0 4008 109
59 80 10.0 3512 191
60 39 10.0 3474 140
60 59 10.0 3182 171
60 61 10.0 3239 119
60 81 10.0 3897 178
61 40 10.0 3000 196
61 60 10.0 2988 130
61 62 10.0 3469 178
61 82 10.0 3239 172
62 41 10.0 3047 107
62 61 10.0 3060 120
62 63 10.0 3174 186
62 83 10.0 2818 116
63 42 10.0 3367 161
63 62 10.0 2904 133
63 84 10.0 4006 113
64 43 10.0 3166 167
64 65 10.0 3536 117
64 85 10.0 3946 180
65 44 10.0 3165 192
65 64 10.0 3197 175
65 66 10.0 3059 195
65 86 10.0 2926 146
66 45 10.0 2850 170
66 65 10.0 3045 199
66 67 10.0 3232 184
66 87 10.0 3679 131
67 46 10.0 3721 156
67 66 10.0 3303 139
67 68 10.0 3654 123
67 88 10.0 3248 122
68 47 10.0 3647 116
68 67 10.0 3497 109
68 69 10.0 3684 193
68 89 10.0 3678 139
69 48 10.0 3612 157
69 68 10.0 4118 104
69 70 10.0 4012 148
69 90 10.0 3403 110
70 49 10.0 4107 165
70 69 10.0 3702 100
70 71 10.0 4133 181
70 91 10.0 4266 103
71 50 10.0 3960 144
71 70 10.0 4201 164
71 72 10.0 4102 139
71 92 10.0 4159 133
72 51 10.0 3966 198
72 71 10.0 4293 134
72 73 10.0 3685 161
72 93 10.0 4055 147
73 52 10.0 4105 175
73 72 10.0 4046 126
73 74 10.0 4350 130
73 94 10.0 4028 125
74 53 10.0 4729 144
74 73 10.0 4257 112
74 75 10.0 4395 142
74 95 10.0 4030 116
75 54 10.0 4115 176
75 74 10.0 4372 156
75 76 10.0 3974 116
75 96 10.0 4295 132
76 55 10.0 3938 133
76 75 10.0 4492 132
76 77 10.0 3555 126
76 97 10.0 4341 164
77 56 10.0 3854 176
77 76 10.0 4368 111
77 78 10.0 3926 126
77 98 10.0 4024 119
78 57 10.0 3988 114
78 77 10.0 3999 195
78 79 10.0 4424 115
78 99 10.0 3940 158
79 58 10.0 4096 194
79 78 10.0 3957 153
79 80 10.0 3937 168
79 100 10.0 3958 135
80 59 10.0 3918 157
80 79 10.0 3774 137
80 81 10.0 3526 143
80 101 10.0 3890 177
81 60 10.0 3250 118
81 80 10.0 3857 191
81 82 10.0 3508 137
81 102 10.0 3375 185
82 61 10.0 3253 197
82 81 10.0 3362 142
82 83 10.0 3237 196
82 103 10.0 3363 163
83 62 10.0 3347 183
83 82 10.0 3225 115
83 84 10.0 3183 191
83 104 10.0 3042 106
84 63 10.0 3954 188
84 83 10.0 3420 177
84 105 10.0 4335 101
85 64 10.0 3917 177
85 86 10.0 3175 148
85 106 10.0 4227 197
86 65 10.0 3244 197
86 85 10.0 3221 142
86 87 10.0 2864 200
86 107 10.0 3378 165
87 66 10.0 2987 113
87 86 10.0 3256 116
87 88 10.0 3769 119
87 108 10.0 3741 127
88 67 10.0 3818 171
88 87 10.0 3269 132
88 89 10.0 3483 192
88 109 10.0 3584 173
89 68 10.0 3513 188
89 88 10.0 3594 176
89 90 10.0 3862 174
89 110 10.0 3489 133
90 69 10.0 3944 129
90 89 10.0 3694 174
90 91 10.0 3896 193
90 111 10.0 3701 107
91 70 10.0 3879 133
91 90 10.0 4215 141
91 92 10.0 4144 142
91 112 10.0 4285 104
92 71 10.0 3939 197
92 91 10.0 4051 197
92 93 10.0 4120 111
92 113 10.0 4707 199
93 72 10.0 4223 141
93 92 10.0 3949 162
93 94 10.0 4627 150
93 114 10.0 3933 150
94 73 10.0 4325 156
94 93 10.0 3968 197
94 95 10.0 4711 168
94 115 10.0 4034 138
95 74 10.0 4605 138
95 94 10.0 3921 184
95 96 10.0 4260 163
95 116 10.0 4567 182
96 75 10.0 4081 144
96 95 10.0 4355 103
96 97 10.0 4255 111
96 117 10.0 4301 104
97 76 10.0 3947 135
97 96 10.0 4285 148
97 98 10.0 3890 118
97 118 10.0 4731 134
98 77 10.0 4081 128
98 97 10.0 3822 166
98 99 10.0 4495 141
98 119 10.0 3905 104
99 78 10.0 4240 152
99 98 10.0 3601 110
99 100 10.0 4120 144
99 120 10.0 4022 189
100 79 10.0 3739 121
100 99 10.0 3917 197
100 101 10.0 4107 157
100 121 10.0 3776 109
101 80 10.0 3934 167
101 100 10.0 3675 100
101 102 10.0 4041 151
101 122 10.0 3816 111
102 81 10.0 3401 125
102 101 10.0 3751 150
102 103 10.0 3806 106
102 123 10.0 3560 101
103 82 10.0 3416 163
103 102 10.0 3364 112
103 104 10.0 3745 185
103 124 10.0 3767 146
104 83 10.0 3127 121
104 103 10.0 3746 133
104 105 10.0 3566 127
104 125 10.0 3450 194
105 84 10.0 4305 191
105 104 10.0 3423 130
105 126 10.0 4808 134
106 85 10.0 4093 169
106 107 10.0 3425 118
106 127 10.0 4574 195
107 86 10.0 3183 157
107 106 10.0 3735 101
107 108 10.0 3450 140
107 128 10.0 3395 170
108 87 10.0 3610 142
108 107 10.0 3643 192
108 109 10.0 3553 196
108 129 10.0 3438 198
109 88 10.0 3694 189
109 108 10.0 3607 161
109 110 10.0 3440 174
109 130 10.0 4025 176
110 89 10.0 3878 181
110 109 10.0 3876 183
110 111 10.0 3883 165
110 131 10.0 4015 109
111 90 10.0 4197 197
111 110 10.0 3956 183
111 112 10.0 3875 126
111 132 10.0 3669 134
112 91 10.0 4351 142
112 111 10.0 3985 101
112 113 10.0 4120 188
112 133 10.0 4533 183
113 92 10.0 4446 177
113 112 10.0 4407 182
113 114 10.0 4459 101
113 134 10.0 4144 179
114 93 10.0 4598 184
114 113 10.0 4649 152
114 115 10.0 4202 154
114 135 10.0 4032 188
115 94 10.0 4622 129
115 114 10.0 4507 126
115 116 10.0 4543 119
115 136 10.0 4268 109
116 95 10.0 4429 173
116 115 10.0 4826 164
116 117 10.0 4450 189
116 137 10.0 4548 181
117 96 10.0 4481 128
117 116 10.0 4470 153
117 118 10.0 4461 197
117 138 10.0 4363 121
118 97 10.0 4232 143
118 117 10.0 4465 129
118 119 10.0 4517 145
118 139 10.0 4320 191
119 98 10.0 4600 188
119 118 10.0 4516 176
119 120 10.0 3916 183
119 140 10.0 4035 162
120 99 10.0 4042 197
120 119 10.0 4391 117
120 121 10.0 3985 126
120 141 10.0 3977 181
121 100 10.0 4105 148
121 120 10.0 3940 138
121 122 10.0 3580 168
121 142 10.0 4118 197
122 101 10.0 3786 105
122 121 10.0 3999 174
122 123 10.0 3448 115
122 143 10.0 4335 179
123 102 10.0 3831 180
123 122 10.0 4107 183
123 124 10.0 3321 115
123 144 10.0 3894 153
124 103 10.0 3477 146
124 123 10.0 4470 150
124 125 10.0 3201 161
124 145 10.0 3543 142
125 104 10.0 3516 115
125 124 10.0 3886 150
125 126 10.0 3839 121
125 146 10.0 3402 190
126 105 10.0 4356 109
126 125 10.0 4352 126
126 147 10.0 4797 121
127 106 10.0 4316 162
127 128 10.0 4162 147
127 148 10.0 4673 182
128 107 10.0 3518 189
128 127 10.0 3811 183
128 129 10.0 3402 126
128 149 10.0 3962 174
129 108 10.0 3472 141
129 128 10.0 3641 184
129 130 10.0 3733 146
129 150 10.0 3597 156
130 109 10.0 3877 121
130 129 10.0 3421 182
130 131 10.0 4528 197
130 151 10.0 3818 162
131 110 10.0 4333 199
131 130 10.0 3960 143
131 132 10.0 4197 168
131 152 10.0 3984 180
132 111 10.0 4279 121
132 131 10.0 4155 196
132 133 10.0 3902 183
132 153 10.0 4129 114
133 112 10.0 4095 194
133 132 10.0 4379 193
133 134 10.0 4036 195
133 154 10.0 4215 184
134 113 10.0 4151 107
134 133 10.0 4226 115
134 135 10.0 4559 122
134 155 10.0 4316 181
135 114 10.0 4521 103
135 134 10.0 4470 124
135 136 10.0 4327 167
135 156 10.0 4226 138
136 115 10.0 4719 136
136 135 10.0 4419 199
136 137 10.0 4248 159
136 157 10.0 4135 191
137 116 10.0 4175 197
137 136 10.0 4361 169
137 138 10.0 4221 122
137 158 10.0 4601 174
138 117 10.0 4543 170
138 137 10.0 4356 138
138 139 10.0 4344 147
138 159 10.0 4463 171
139 118 10.0 4026 116
139 138 10.0 4574 198
139 140 10.0 4242 150
139 160 10.0 4723 154
140 119 10.0 4436 196
140 139 10.0 4718 140
140 141 10.0 4150 127
140 161 10.0 3941 150
141 120 10.0 4234 132
141 140 10.0 4330 167
141 142 10.0 3822 116
141 162 10.0 4286 161
142 121 10.0 3796 188
142 141 10.0 4238 127
142 143 10.0 4150 116
142 163 10.0 4089 128
143 122 10.0 4140 177
143 142 10.0 3853 157
143 144 10.0 3841 107
143 164 10.0 4484 199
144 123 10.0 3477 200
144 143 10.0 4263 188
144 145 10.0 3791 167
144 165 10.0 4032 158
145 124 10.0 3683 135
145 144 10.0 3547 102
145 146 10.0 3807 130
145 166 10.0 3736 123
146 125 10.0 3499 154
146 145 10.0 3619 131
146 147 10.0 3853 131
146 167 10.0 3774 194
147 126 10.0 4709 136
147 146 10.0 4137 186
147 168 10.0 4687 169
148 127 10.0 4478 133
148 149 10.0 3924 198
148 169 10.0 4542 180
149 128 10.0 3546 161
149 148 10.0 3435 157
149 150 10.0 4149 192
149 170 10.0 4070 138
150 129 10.0 4214 192
150 149 10.0 3572 101
150 151 10.0 3852 194
150 171 10.0 3650 132
151 130 10.0 3911 167
151 150 10.0 3903 117
151 152 10.0 3919 108
151 172 10.0 4080 194
152 131 10.0 3927 152
152 151 10.0 3584 173
152 153 10.0 4175 160
152 173 10.0 4141 167
153 132 10.0 4324 126
153 152 10.0 3998 178
153 154 10.0 4277 135
153 174 10.0 4087 141
154 133 10.0 3733 107
154 153 10.0 4038 164
154 155 10.0 4731 172
154 175 10.0 4562 135
155 134 10.0 4632 180
155 154 10.0 4065 122
155 156 10.0 4281 176
155 176 10.0 4666 162
156 135 10.0 4388 157
156 155 10.0 4324 182
156 157 10.0 4625 183
156 177 10.0 4275 160
157 136 10.0 4591 136
157 156 10.0 4340 151
157 158 10.0 4509 172
157 178 10.0 4380 161
158 137 10.0 4207 131
158 157 10.0 4504 180
158 159 10.0 4429 170
158 179 10.0 4733 174
159 138 10.0 4613 130
159 158 10.0 4695 135
159 160 10.0 4283 168
159 180 10.0 4406 166
160 139 10.0 4139 116
160 159 10.0 4419 119
160 161 10.0 4784 118
160 181 10.0 4626 163
161 140 10.0 4685 189
161 160 10.0 4290 117
161 162 10.0 4185 166
161 182 10.0 4295 132
162 141 10.0 4187 129
162 161 10.0 4262 124
162 163 10.0 3830 178
162 183 10.0 4544 184
163 142 10.0 4379 163
163 162 10.0 4301 100
163 164 10.0 3798 175
163 184 10.0 4120 115
164 143 10.0 4032 153
164 163 10.0 4603 115
164 165 10.0 4061 168
164 185 10.0 3803 166
165 144 10.0 4327 129
165 164 10.0 3863 146
165 166 10.0 3918 166
165 186 10.0 3804 134
166 145 10.0 3792 173
166 165 10.0 3874 176
166 167 10.0 3962 167
166 187 10.0 3822 104
167 146 10.0 3628 161
167 166 10.0 3871 122
167 168 10.0 4035 123
167 188 10.0 4062 143
168 147 10.0 4676 134
168 167 10.0 3862 152
168 189 10.0 4799 164
169 148 10.0 4925 186
169 170 10.0 4091 169
169 190 10.0 4697 115
170 149 10.0 3714 131
170 169 10.0 4048 139
170 171 10.0 3854 164
170 191 10.0 4052 195
171 150 10.0 3614 150
171 170 10.0 4021 173
171 172 10.0 3882 195
171 192 10.0 4006 146
172 151 10.0 4329 112
172 171 10.0 3916 194
172 173 10.0 4176 177
172 193 10.0 3962 194
173 152 10.0 4074 105
173 172 10.0 4021 161
173 174 10.0 4279 116
173 194 10.0 4131 199
174 153 10.0 4226 153
174 173 10.0 4162 152
174 175 10.0 4107 119
174 195 10.0 4717 190
175 154 10.0 4526 162
175 174 10.0 4680 100
175 176 10.0 4224 121
175 196 10.0 3970 141
176 155 10.0 4183 136
176 175 10.0 4128 123
176 177 10.0 4849 120
176 197 10.0 4360 179
177 156 10.0 4615 187
177 176 10.0 4361 125
177 178 10.0 4877 177
177 198 10.0 4075 122
178 157 10.0 4755 144
178 177 10.0 4303 103
178 179 10.0 4495 173
178 199 10.0 4721 193
179 158 10.0 3694 130
179 178 10.0 4391 120
179 180 10.0 4728 141
179 200 10.0 5128 173
180 159 10.0 4747 122
180 179 10.0 4433 167
180 181 10.0 4595 121
180 201 10.0 4574 195
181 160 10.0 4404 136
181 180 10.0 4632 187
181 182 10.0 4455 160
181 202 10.0 4223 172
182 161 10.0 4649 104
182 181 10.0 4182 163
182 183 10.0 4414 162
182 203 10.0 4612 138
183 162 10.0 3977 163
183 182 10.0 4313 131
183 184 10.0 4476 114
183 204 10.0 4168 151
184 163 10.0 4204 135
184 183 10.0 3830 174
184 185 10.0 4076 179
184 205 10.0 4511 151
185 164 10.0 4249 149
185 184 10.0 3952 200
185 186 10.0 4065 116
185 206 10.0 3913 198
186 165 10.0 4191 196
186 185 10.0 4203 133
186 187 10.0 3769 173
186 207 10.0 4015 119
187 166 10.0 4157 184
187 186 10.0 3616 120
187 188 10.0 3663 176
187 208 10.0 3879 120
188 167 10.0 3834 106
188 187 10.0 4153 132
188 189 10.0 3719 126
188 209 10.0 3856 156
189 168 10.0 4548 107
189 188 10.0 4074 135
189 210 10.0 4859 170
190 169 10.0 5145 136
190 191 10.0 3865 171
190 211 10.0 4885 194
191 170 10.0 3709 144
191 190 10.0 4005 165
191 192 10.0 3938 189
191 212 10.0 3765 125
192 171 10.0 4051 132
192 191 10.0 3715 136
192 193 10.0 4157 199
192 213 10.0 4047 154
193 172 10.0 4312 175
193 192 10.0 3974 162
193 194 10.0 4054 176
193 214 10.0 4090 124
194 173 10.0 4273 172
194 193 10.0 4497 130
194 195 10.0 4313 178
194 215 10.0 3856 181
195 174 10.0 4385 128
195 194 10.0 4321 172
195 196 10.0 4620 180
195 216 10.0 4389 156
196 175 10.0 4544 134
196 195 10.0 4404 150
196 197 10.0 4151 152
196 217 10.0 3954 161
197 176 10.0 4296 161
197 196 10.0 4253 155
197 198 10.0 4199 176
197 218 10.0 4526 181
198 177 10.0 4597 149
198 197 10.0 3889 147
198 199 10.0 4230 132
198 219 10.0 4685 155
199 178 10.0 4537 141
199 198 10.0 4851 190
199 200 10.0 3759 159
199 220 10.0 5009 148
200 179 10.0 4512 160
200 199 10.0 4841 185
200 201 10.0 4551 178
200 221 10.0 4027 159
201 180 10.0 4483 200
201 200 10.0 4746 152
201 202 10.0 4644 181
201 222 10.0 4199 158
202 181 10.0 4376 150
202 201 10.0 4265 105
202 203 10.0 4302 199
202 223 10.0 4743 124
203 182 10.0 4740 163
203 202 10.0 4732 189
203 204 10.0 4253 131
203 224 10.0 4411 136
204 183 10.0 4481 134
204 203 10.0 4451 172
204 205 10.0 4178 111
204 225 10.0 4222 144
205 184 10.0 4061 176
205 204 10.0 4550 119
205 206 10.0 4413 110
205 226 10.0 4439 188
206 185 10.0 4399 199
206 205 10.0 4367 125
206 207 10.0 4186 188
206 227 10.0 3875 192
207 186 10.0 4257 170
207 206 10.0 3815 125
207 208 10.0 3807 124
207 228 10.0 4384 164
208 187 10.0 3890 152
208 207 10.0 4100 140
208 209 10.0 3828 154
208 229 10.0 3545 155
209 188 10.0 3728 114
209 208 10.0 3634 194
209 210 10.0 4177 180
209 230 10.0 3625 137
210 189 10.0 4903 118
210 209 10.0 3796 150
210 231 10.0 5040 114
211 190 10.0 4753 101
211 212 10.0 4160 194
211 232 10.0 4878 187
212 191 10.0 4020 132
212 211 10.0 3912 182
212 213 10.0 3868 183
212 233 10.0 4115 157
213 192 10.0 4059 168
213 212 10.0 3881 150
213 214 10.0 3788 134
213 234 10.0 3947 103
214 193 10.0 4085 119
214 213 10.0 4117 176
214 215 10.0 3921 185
214 235 10.0 4117 148
215 194 10.0 4268 120
215 214 10.0 4265 184
215 216 10.0 4388 111
215 236 10.0 3663 155
216 195 10.0 3969 100
216 215 10.0 4077 175
216 217 10.0 4628 141
216 237 10.0 4698 123
217 196 10.0 4474 100
217 216 10.0 4258 105
217 218 10.0 4525 190
217 238 10.0 4143 100
218 197 10.0 4468 169
218 217 10.0 4510 190
218 219 10.0 4325 117
218 239 10.0 4545 153
219 198 10.0 4677 181
219 218 10.0 4604 144
219 220 10.0 4450 144
219 240 10.0 4413 160
220 199 10.0 4355 114
220 219 10.0 4581 137
220 221 10.0 4707 102
220 241 10.0 4890 195
221 200 10.0 4547 115
221 220 10.0 4336 146
221 222 10.0 4369 103
221 242 10.0 4399 130
222 201 10.0 4571 195
222 221 10.0 4195 124
222 223 10.0 4861 136
222 243 10.0 4414 115
223 202 10.0 4485 153
223 222 10.0 4678 145
223 224 10.0 5061 158
223 244 10.0 4551 177
224 203 10.0 4453 174
224 223 10.0 4507 129
224 225 10.0 4486 112
224 245 10.0 4692 189
225 204 10.0 4529 198
225 224 10.0 4053 184
225 226 10.0 4689 175
225 246 10.0 4533 146
226 205 10.0 4287 193
226 225 10.0 4233 130
226 227 10.0 4536 144
226 247 10.0 4467 145
227 206 10.0 4701 108
227 226 10.0 4125 166
227 228 10.0 4090 153
227 248 10.0 4069 172
228 207 10.0 4105 134
228 227 10.0 4271 128
228 229 10.0 3918 168
228 249 10.0 4148 141
229 208 10.0 4025 176
229 228 10.0 3918 178
229 230 10.0 3825 135
229 250 10.0 3780 114
230 209 10.0 3834 134
230 229 10.0 4073 158
230 231 10.0 4021 145
230 251 10.0 3692 105
231 210 10.0 4753 100
231 230 10.0 4243 149
231 252 10.0 4786 131
232 211 10.0 4821 165
232 233 10.0 3978 106
232 253 10.0 4744 141
233 212 10.0 3923 181
233 232 10.0 3881 138
233 234 10.0 4398 165
233 254 10.0 3750 136
234 213 10.0 3717 186
234 233 10.0 4120 194
234 235 10.0 3992 160
234 255 10.0 4027 167
235 214 10.0 4105 109
235 234 10.0 4079 111
235 236 10.0 4090 170
235 256 10.0 3826 131
236 215 10.0 4525 105
236 235 10.0 3763 117
236 237 10.0 3951 186
236 257 10.0 4229 104
237 216 10.0 4161 175
237 236 10.0 4619 115
237 238 10.0 4218 102
237 258 10.0 4152 192
238 217 10.0 4754 154
238 237 10.0 4523 159
238 239 10.0 4096 138
238 259 10.0 4170 146
239 218 10.0 4158 147
239 238 10.0 4291 131
239 240 10.0 4050 179
239 260 10.0 4596 197
240 219 10.0 4373 129
240 239 10.0 4640 161
240 241 10.0 4649 107
240 261 10.0 3995 129
241 220 10.0 4496 178
241 240 10.0 3957 114
241 242 10.0 4685 194
241 262 10.0 4444 137
242 221 10.0 4844 178
242 241 10.0 4264 190
242 243 10.0 4687 117
242 263 10.0 4271 135
243 222 10.0 4758 194
243 242 10.0 4304 178
243 244 10.0 4419 146
243 264 10.0 4805 142
244 223 10.0 4605 188
244 243 10.0 4540 109
244 245 10.0 4570 153
244 265 10.0 4552 152
245 224 10.0 4853 125
245 244 10.0 4588 197
245 246 10.0 4308 192
245 266 10.0 4485 109
246 225 10.0 4352 174
246 245 10.0 4485 200
246 247 10.0 4384 105
246 267 10.0 4098 173
247 226 10.0 4321 142
247 246 10.0 4131 150
247 248 10.0 4527 199
247 268 10.0 3953 132
248 227 10.0 4208 105
248 247 10.0 4241 159
248 249 10.0 4034 192
248 269 10.0 4816 156
249 228 10.0 4317 172
249 248 10.0 4307 186
249 250 10.0 3922 114
249 270 10.0 4371 131
250 229 10.0 4081 159
250 249 10.0 4223 138
250 251 10.0 3686 197
250 271 10.0 4120 187
251 230 10.0 3870 150
251 250 10.0 4341 136
251 252 10.0 3633 118
251 272 10.0 3718 116
252 231 10.0 4594 103
252 251 10.0 4107 172
252 273 10.0 4433 137
253 232 10.0 5048 109
253 254 10.0 3685 135
253 274 10.0 4668 140
254 233 10.0 3725 188
254 253 10.0 3857 189
254 255 10.0 3635 156
254 275 10.0 3383 170
255 234 10.0 3505 104
255 254 10.0 3455 185
255 256 10.0 4059 185
255 276 10.0 3933 160
256 235 10.0 4065 115
256 255 10.0 3670 128
256 257 10.0 3890 130
256 277 10.0 4066 197
257 236 10.0 4267 156
257 256 10.0 4060 126
257 258 10.0 4009 129
257 278 10.0 3795 169
258 237 10.0 4264 164
258 257 10.0 3771 141
258 259 10.0 4188 129
258 279 10.0 4174 120
259 238 10.0 4393 170
259 258 10.0 4127 168
259 260 10.0 4261 132
259 280 10.0 4121 162
260 239 10.0 3970 112
260 259 10.0 4071 116
260 261 10.0 4745 196
260 281 10.0 4258 123
261 240 10.0 4899 148
261 260 10.0 4248 175
261 262 10.0 4092 134
261 282 10.0 4235 146
262 241 10.0 4176 189
262 261 10.0 4762 198
262 263 10.0 4392 118
262 283 10.0 4321 143
263 242 10.0 4807 170
263 262 10.0 4580 179
263 264 10.0 4342 199
263 284 10.0 4293 181
264 243 10.0 4546 143
264 263 10.0 4802 119
264 265 10.0 4485 148
264 285 10.0 4371 199
265 244 10.0 4635 101
265 264 10.0 4516 173
265 266 10.0 4313 117
265 286 10.0 4350 129
266 245 10.0 4208 162
266 265 10.0 4282 102
266 267 10.0 4659 116
266 287 10.0 4749 161
267 246 10.0 4373 182
267 266 10.0 4307 186
267 268 10.0 4066 107
267 288 10.0 4336 164
268 247 10.0 3832 148
268 267 10.0 4370 103
268 269 10.0 4118 153
268 289 10.0 4331 189
269 248 10.0 4372 196
269 268 10.0 4473 175
269 270 10.0 4460 167
269 290 10.0 4225 196
270 249 10.0 3864 179
270 269 10.0 4373 177
270 271 10.0 4364 133
270 291 10.0 3939 158
271 250 10.0 4056 180
271 270 10.0 3793 101
271 272 10.0 3861 119
271 292 10.0 3960 168
272 251 10.0 3825 109
272 271 10.0 3801 156
272 273 10.0 3745 106
272 293 10.0 3790 151
273 252 10.0 4737 156
273 272 10.0 3722 171
273 294 10.0 4301 132
274 253 10.0 4869 106
274 275 10.0 3901 101
274 295 10.0 4497 162
275 254 10.0 3661 186
275 274 10.0 3751 123
275 276 10.0 3423 172
275 296 10.0 3279 123
276 255 10.0 3870 197
276 275 10.0 3418 187
276 277 10.0 4090 144
276 297 10.0 3932 159
277 256 10.0 3947 174
277 276 10.0 3886 158
277 278 10.0 3773 140
277 298 10.0 4024 192
278 257 10.0 4112 140
278 277 10.0 3917 160
278 279 10.0 3991 107
278 299 10.0 3826 192
279 258 10.0 4158 113
279 278 10.0 4075 166
279 280 10.0 3903 200
279 300 10.0 4276 140
280 259 10.0 4374 119
280 279 10.0 4204 173
280 281 10.0 3851 157
280 301 10.0 4127 177
281 260 10.0 3873 131
281 280 10.0 4249 130
281 282 10.0 4345 170
281 302 10.0 3959 145
282 261 10.0 4141 135
282 281 10.0 4121 122
282 283 10.0 4076 106
282 303 10.0 4796 109
283 262 10.0 4451 177
283 282 10.0 4350 198
283 284 10.0 4220 185
283 304 10.0 3921 162
284 263 10.0 4591 166
284 283 10.0 4127 154
284 285 10.0 4342 161
284 305 10.0 4219 119
285 264 10.0 4622 136
285 284 10.0 4357 192
285 286 10.0 4500 156
285 306 10.0 4050 197
286 265 10.0 4653 121
286 285 10.0 4068 164
286 287 10.0 4709 189
286 307 10.0 4126 192
287 266 10.0 4577 129
287 286 10.0 4752 195
287 288 10.0 4567 120
287 308 10.0 4323 160
288 267 10.0 4209 195
288 287 10.0 4150 110
288 289 10.0 4543 169
288 309 10.0 4172 184
289 268 10.0 4339 136
289 288 10.0 3980 111
289 290 10.0 4072 164
289 310 10.0 4596 199
290 269 10.0 4150 114
290 289 10.0 4339 167
290 291 10.0 4114 145
290 311 10.0 3891 163
291 270 10.0 4174 124
291 290 10.0 4163 179
291 292 10.0 3986 146
291 312 10.0 4040 106
292 271 10.0 3852 199
292 291 10.0 4104 155
292 293 10.0 4062 172
292 313 10.0 3432 103
293 272 10.0 3621 120
293 292 10.0 3428 200
293 294 10.0 3914 119
293 314 10.0 3787 191
294 273 10.0 4928 179
294 293 10.0 3573 150
294 315 10.0 4332 115
295 274 10.0 4778 146
295 296 10.0 3344 140
295 316 10.0 4653 146
296 275 10.0 3533 121
296 295 10.0 3613 161
296 297 10.0 3740 139
296 317 10.0 3171 117
297 276 10.0 3691 164
297 296 10.0 3861 128
297 298 10.0 3758 151
297 318 10.0 3668 157
298 277 10.0 3758 176
298 297 10.0 3616 184
298 299 10.0 4193 124
298 319 10.0 3423 125
299 278 10.0 3962 114
299 298 10.0 3574 162
299 300 10.0 4227 152
299 320 10.0 4146 149
300 279 10.0 4077 143
300 299 10.0 4010 112
300 301 10.0 4122 165
300 321 10.0 3891 134
301 280 10.0 4614 149
301 300 10.0 4158 176
301 302 10.0 4524 186
301 322 10.0 3644 137
302 281 10.0 4239 148
302 301 10.0 4126 157
302 303 10.0 4344 150
302 323 10.0 4322 146
303 282 10.0 4324 150
303 302 10.0 4277 172
303 304 10.0 4179 183
303 324 10.0 4515 132
304 283 10.0 4371 139
304 303 10.0 4353 189
304 305 10.0 4612 184
304 325 10.0 3733 181
305 284 10.0 4555 120
305 304 10.0 4407 168
305 306 10.0 4172 143
305 326 10.0 4516 154
306 285 10.0 4621 164
306 305 10.0 4288 185
306 307 10.0 3990 121
306 327 10.0 4314 191
307 286 10.0 4232 164
307 306 10.0 4709 128
307 308 10.0 4189 143
307 328 10.0 4001 136
308 287 10.0 4321 119
308 307 10.0 4301 108
308 309 10.0 4223 173
308 329 10.0 3789 169
309 288 10.0 4386 165
309 308 10.0 3871 151
309 310 10.0 4174 104
309 330 10.0 4708 111
310 289 10.0 3967 152
310 309 10.0 4577 139
310 311 10.0 4394 174
310 331 10.0 4210 178
311 290 10.0 4011 117
311 310 10.0 4031 149
311 312 10.0 4108 112
311 332 10.0 3898 126
312 291 10.0 4093 178
312 311 10.0 4119 133
312 313 10.0 3953 152
312 333 10.0 4019 152
313 292 10.0 4094 164
313 312 10.0 4102 198
313 314 10.0 3523 197
313 334 10.0 3836 165
314 293 10.0 3333 118
314 313 10.0 4290 136
314 315 10.0 3983 143
314 335 10.0 3111 163
315 294 10.0 4546 160
315 314 10.0 3807 149
315 336 10.0 4466 142
316 295 10.0 4583 133
316 317 10.0 3974 105
316 337 10.0 3771 113
317 296 10.0 3482 191
317 316 10.0 3182 152
317 318 10.0 3823 177
317 338 10.0 3265 148
318 297 10.0 3895 140
318 317 10.0 3425 138
318 319 10.0 3481 158
318 339 10.0 3787 142
319 298 10.0 3606 114
319 318 10.0 3781 115
319 320 10.0 3328 143
319 340 10.0 3910 160
320 299 10.0 3865 112
320 319 10.0 4254 128
320 321 10.0 3474 194
320 341 10.0 3792 125
321 300 10.0 3560 191
321 320 10.0 4061 170
321 322 10.0 3744 127
321 342 10.0 3492 147
322 301 10.0 4282 192
322 321 10.0 3878 111
322 323 10.0 3683 192
322 343 10.0 3921 119
323 302 10.0 4293 122
323 322 10.0 4117 197
323 324 10.0 3724 118
323 344 10.0 4158 113
324 303 10.0 3858 148
324 323 10.0 4335 173
324 325 10.0 4514 100
324 345 10.0 3746 142
325 304 10.0 4297 172
325 324 10.0 3809 117
325 326 10.0 3987 132
325 346 10.0 4346 108
326 305 10.0 4259 125
326 325 10.0 4368 157
326 327 10.0 4152 193
326 347 10.0 4266 119
327 306 10.0 4095 175
327 326 10.0 4611 107
327 328 10.0 4100 197
327 348 10.0 4103 108
328 307 10.0 4713 175
328 327 10.0 4423 186
328 329 10.0 4045 135
328 349 10.0 4163 176
329 308 10.0 4507 170
329 328 10.0 4307 104
329 330 10.0 4027 113
329 350 10.0 3646 156
330 309 10.0 4204 114
330 329 10.0 4252 170
330 331 10.0 4025 113
330 351 10.0 4206 175
331 310 10.0 4287 137
331 330 10.0 4234 198
331 332 10.0 4213 178
331 352 10.0 4091 138
332 311 10.0 3923 183
332 331 10.0 4345 177
332 333 10.0 3961 155
332 353 10.0 3955 133
333 312 10.0 3933 197
333 332 10.0 3851 196
333 334 10.0 3378 159
333 354 10.0 4202 170
334 313 10.0 3682 114
334 333 10.0 3737 184
334 335 10.0 3622 106
334 355 10.0 3449 147
335 314 10.0 3752 118
335 334 10.0 3276 153
335 336 10.0 4055 125
335 356 10.0 3288 139
336 315 10.0 4384 113
336 335 10.0 4063 199
336 357 10.0 4213 126
337 316 10.0 4613 186
337 338 10.0 3497 157
337 358 10.0 3637 120
338 317 10.0 3473 139
338 337 10.0 3437 196
338 339 10.0 3252 187
338 359 10.0 3282 158
339 318 10.0 3172 186
339 338 10.0 3424 141
339 340 10.0 3615 172
339 360 10.0 3335 127
340 319 10.0 3333 113
340 339 10.0 3476 145
340 341 10.0 3659 109
340 361 10.0 3870 126
341 320 10.0 3618 116
341 340 10.0 3528 136
341 342 10.0 3780 171
341 362 10.0 3142 143
342 321 10.0 3969 159
342 341 10.0 3346 189
342 343 10.0 3634 159
342 363 10.0 3707 102
343 322 10.0 4108 145
343 342 10.0 3895 155
343 344 10.0 3575 164
343 364 10.0 3923 126
344 323 10.0 3904 125
344 343 10.0 4127 134
344 345 10.0 3708 150
344 365 10.0 3963 105
345 324 10.0 4257 174
345 344 10.0 4361 132
345 346 10.0 3662 163
345 366 10.0 3912 117
346 325 10.0 4206 153
346 345 10.0 4071 200
346 347 10.0 4081 101
346 367 10.0 3993 137
347 326 10.0 4063 118
347 346 10.0 4051 149
347 348 10.0 4121 181
347 368 10.0 3961 153
348 327 10.0 4252 134
348 347 10.0 3911 103
348 349 10.0 4839 112
348 369 10.0 4033 168
349 328 10.0 4427 185
349 348 10.0 4155 105
349 350 10.0 4112 136
349 370 10.0 4085 161
350 329 10.0 4458 135
350 349 10.0 3912 185
350 351 10.0 3713 102
350 371 10.0 3975 132
351 330 10.0 3910 192
351 350 10.0 4115 118
351 352 10.0 3791 153
351 372 10.0 4082 167
352 331 10.0 4169 108
352 351 10.0 4007 134
352 353 10.0 3463 132
352 373 10.0 3963 197
353 332 10.0 3992 141
353 352 10.0 3621 143
353 354 10.0 3419 169
353 374 10.0 3581 169
354 333 10.0 3612 167
354 353 10.0 3789 178
354 355 10.0 3841 123
354 375 10.0 3378 161
355 334 10.0 3887 106
355 354 10.0 3430 120
355 356 10.0 3627 158
355 376 10.0 3224 156
356 335 10.0 3465 179
356 355 10.0 3444 136
356 357 10.0 3232 107
356 377 10.0 2987 104
357 336 10.0 4349 170
357 356 10.0 3362 142
357 378 10.0 4122 185
358 337 10.0 4362 195
358 359 10.0 2979 130
358 379 10.0 3429 188
359 338 10.0 3366 103
359 358 10.0 3208 157
359 360 10.0 3150 135
359 380 10.0 2772 130
360 339 10.0 3284 124
360 359 10.0 3229 163
360 361 10.0 3358 162
360 381 10.0 3335 120
361 340 10.0 3416 129
361 360 10.0 3561 168
361 362 10.0 3585 183
361 382 10.0 3174 127
362 341 10.0 3137 105
362 361 10.0 3612 146
362 363 10.0 3679 150
362 383 10.0 3432 173
363 342 10.0 3675 185
363 362 10.0 3530 186
363 364 10.0 3928 100
363 384 10.0 3654 145
364 343 10.0 3885 146
364 363 10.0 3521 187
364 365 10.0 3708 113
364 385 10.0 3995 148
365 344 10.0 3810 113
365 364 10.0 3949 100
365 366 10.0 3837 133
365 386 10.0 3791 115
366 345 10.0 4381 151
366 365 10.0 4036 131
366 367 10.0 3620 109
366 387 10.0 3656 170
367 346 10.0 4062 190
367 366 10.0 3970 170
367 368 10.0 3933 170
367 388 10.0 3971 147
368 347 10.0 4282 161
368 367 10.0 4252 189
368 369 10.0 3977 155
368 389 10.0 3951 117
369 348 10.0 4548 136
369 368 10.0 4269 160
369 370 10.0 4122 119
369 390 10.0 3765 112
370 349 10.0 4039 157
370 369 10.0 4510 104
370 371 10.0 3598 133
370 391 10.0 4120 142
371 350 10.0 3955 131
371 370 10.0 4218 193
371 372 10.0 3918 198
371 392 10.0 3614 168
372 351 10.0 4060 148
372 371 10.0 4195 130
372 373 10.0 3602 169
372 393 10.0 3716 181
373 352 10.0 3905 200
373 372 10.0 3704 138
373 374 10.0 3896 166
373 394 10.0 3593 137
374 353 10.0 3662 100
374 373 10.0 3958 194
374 375 10.0 3607 179
374 395 10.0 3427 114
375 354 10.0 3299 120
375 374 10.0 3453 146
375 376 10.0 3478 144
375 396 10.0 2960 131
376 355 10.0 3511 128
376 375 10.0 3073 118
376 377 10.0 2973 184
376 397 10.0 3488 121
377 356 10.0 3045 186
377 376 10.0 3151 155
377 378 10.0 3171 173
377 398 10.0 2850 143
378 357 10.0 4169 160
378 377 10.0 3223 124
378 399 10.0 3880 194
379 358 10.0 4324 159
379 380 10.0 2805 140
379 400 10.0 3210 191
380 359 10.0 2832 168
380 379 10.0 3092 149
380 381 10.0 2600 170
380 401 10.0 3003 138
381 360 10.0 3175 178
381 380 10.0 3000 130
381 382 10.0 3138 151
381 402 10.0 2729 141
382 361 10.0 3033 118
382 381 10.0 3061 168
382 383 10.0 3513 144
382 403 10.0 3127 119
383 362 10.0 3714 192
383 382 10.0 3417 177
383 384 10.0 3359 111
383 404 10.0 3530 184
384 363 10.0 3728 166
384 383 10.0 3678 191
384 385 10.0 3398 118
384 405 10.0 3541 151
385 364 10.0 3317 196
385 384 10.0 3952 200
385 386 10.0 3843 109
385 406 10.0 3399 149
386 365 10.0 3928 200
386 385 10.0 3503 112
386 387 10.0 4001 177
386 407 10.0 3663 140
387 366 10.0 3757 162
387 386 10.0 3657 173
387 388 10.0 3914 138
387 408 10.0 3818 194
388 367 10.0 4167 160
388 387 10.0 3769 189
388 389 10.0 3988 182
388 409 10.0 3677 136
389 368 10.0 3987 154
389 388 10.0 4070 106
389 390 10.0 3699 153
389 410 10.0 4088 165
390 369 10.0 4042 168
390 389 10.0 3771 105
390 391 10.0 3587 195
390 411 10.0 3784 149
391 370 10.0 3908 100
391 390 10.0 4005 127
391 392 10.0 4227 179
391 412 10.0 3809 188
392 371 10.0 3934 130
392 391 10.0 3725 117
392 393 10.0 3620 123
392 413 10.0 3931 193
393 372 10.0 3885 111
393 392 10.0 3757 166
393 394 10.0 3560 108
393 414 10.0 3491 139
394 373 10.0 3358 179
394 393 10.0 3613 192
394 395 10.0 3509 149
394 415 10.0 3727 185
395 374 10.0 3875 105
395 394 10.0 3347 145
395 396 10.0 3307 112
395 416 10.0 3286 169
396 375 10.0 3178 144
396 395 10.0 3412 143
396 397 10.0 3054 133
396 417 10.0 2960 130
397 376 10.0 3320 124
397 396 10.0 3116 169
397 398 10.0 3084 128
397 418 10.0 2785 152
398 377 10.0 2891 157
398 397 10.0 3065 151
398 399 10.0 2928 122
398 419 10.0 2575 166
399 378 10.0 4216 130
399 398 10.0 2683 172
399 420 10.0 3382 131
400 379 10.0 3542 103
400 401 10.0 2145 153
400 421 10.0 2677 133
401 380 10.0 2781 120
401 400 10.0 2503 189
401 402 10.0 2644 187
401 422 10.0 2353 105
402 381 10.0 3122 140
402 401 10.0 2721 116
402 403 10.0 2740 145
402 423 10.0 2717 105
403 382 10.0 3146 147
403 402 10.0 3049 134
403 404 10.0 2921 183
403 424 10.0 3339 124
404 383 10.0 3422 125
404 403 10.0 3432 117
404 405 10.0 3103 100
404 425 10.0 3275 130
405 384 10.0 3708 116
405 404 10.0 3499 168
405 406 10.0 3238 111
405 426 10.0 3533 185
406 385 10.0 3609 190
406 405 10.0 3625 182
406 407 10.0 3417 155
406 427 10.0 3531 184
407 386 10.0 3852 144
407 406 10.0 3562 178
407 408 10.0 3502 159
407 428 10.0 3885 186
408 387 10.0 3462 173
408 407 10.0 3591 172
408 409 10.0 3697 166
408 429 10.0 4129 150
409 388 10.0 3822 175
409 408 10.0 3364 161
409 410 10.0 3738 127
409 430 10.0 4149 126
410 389 10.0 3773 142
410 409 10.0 3473 160
410 411 10.0 3626 145
410 431 10.0 4261 172
411 390 10.0 4046 157
411 410 10.0 3549 168
411 412 10.0 3743 123
411 432 10.0 3626 190
412 391 10.0 4094 163
412 411 10.0 3581 121
412 413 10.0 3563 149
412 433 10.0 4002 187
413 392 10.0 3817 158
413 412 10.0 3805 158
413 414 10.0 3585 195
413 434 10.0 3918 132
414 393 10.0 3884 196
414 413 10.0 3703 163
414 415 10.0 3442 174
414 435 10.0 3554 182
415 394 10.0 3523 111
415 414 10.0 3438 184
415 416 10.0 3340 152
415 436 10.0 3615 104
416 395 10.0 3393 183
416 415 10.0 3395 168
416 417 10.0 3192 177
416 437 10.0 3268 160
417 396 10.0 3045 101
417 416 10.0 3394 148
417 418 10.0 3124 181
417 438 10.0 3071 196
418 397 10.0 2665 199
418 417 10.0 3132 193
418 419 10.0 2932 129
418 439 10.0 2641 156
419 398 10.0 2560 104
419 418 10.0 2370 176
419 420 10.0 2434 169
419 440 10.0 2723 200
420 399 10.0 3421 124
420 419 10.0 2351 154
420 441 10.0 2512 198
421 400 10.0 2766 132
421 422 10.0 2705 190
422 401 10.0 2527 157
422 421 10.0 2831 143
422 423 10.0 3222 154
423 402 10.0 2986 196
423 422 10.0 3542 196
423 424 10.0 3417 136
424 403 10.0 2944 159
424 423 10.0 3975 164
424 425 10.0 3954 139
425 404 10.0 3306 127
425 424 10.0 4210 113
425 426 10.0 4281 181
426 405 10.0 3773 142
426 425 10.0 4294 170
426 427 10.0 4075 163
427 406 10.0 3885 155
427 426 10.0 4542 196
427 428 10.0 4247 172
428 407 10.0 3932 159
428 427 10.0 4898 180
428 429 10.0 4508 124
429 408 10.0 3973 200
429 428 10.0 5275 121
429 430 10.0 4381 140
430 409 10.0 4363 180
430 429 10.0 5194 108
430 431 10.0 4407 131
431 410 10.0 3743 194
431 430 10.0 5321 165
431 432 10.0 4784 153
432 411 10.0 3816 126
432 431 10.0 5204 169
432 433 10.0 4515 143
433 412 10.0 4248 108
433 432 10.0 4782 173
433 434 10.0 4377 155
434 413 10.0 3534 134
434 433 10.0 4937 200
434 435 10.0 4674 141
435 414 10.0 3848 107
435 434 10.0 4699 164
435 436 10.0 4121 103
436 415 10.0 3532 123
436 435 10.0 4539 177
436 437 10.0 4226 198
437 416 10.0 3261 136
437 436 10.0 4388 112
437 438 10.0 3906 175
438 417 10.0 3240 140
438 437 10.0 4092 118
438 439 10.0 3576 135
439 418 10.0 3107 130
439 438 10.0 3846 164
439 440 10.0 3076 105
440 419 10.0 2211 125
440 439 10.0 3662 200
440 441 10.0 2493 157
441 420 10.0 2473 133
441 440 10.0 2511 195
155 356 51
281 330 48
150 219 54
423 204 41
356 59 50
431 108 54
79 257 30
302 280 60
188 272 49
252 346 48
170 351 66
352 100 56
235 182 58
232 348 61
375 13 52
91 170 50
422 119 55
154 187 53
274 266 39
403 48 55
56 410 53
173 30 42
276 407 54
85 77 60
20 223 34
223 415 48
114 346 62
120 100 52
320 434 59
22 312 46
288 20 53
179 390 46
274 341 57
261 193 54
254 387 53
263 113 49
14 116 48
327 199 56
440 34 40
305 89 67
391 2 64
413 370 43
413 190 49
295 39 40
211 283 45
196 89 42
9 82 67
351 187 55
15 8 57
326 238 42
220 394 47
306 367 43
417 13 42
377 143 49
235 246 40
375 247 48
177 4 68
315 233 46
215 64 43
306 419 53
219 296 61
327 335 42
425 310 64
10 422 46
177 42 56
203 81 49
148 47 52
127 270 35
158 221 61
414 288 48
361 343 40
117 216 37
150 196 58
28 342 49
175 97 54
63 360 68
127 237 47
208 202 49
359 236 43
233 424 44
153 36 40
268 23 60
40 400 53
298 138 62
229 195 54
345 49 43
87 103 44
389 184 42
39 209 36
388 50 49
216 88 43
247 301 49
372 304 55
393 106 59
108 118 57
379 320 56
328 293 57
289 77 47
435 72 56
374 152 54
263 246 47
285 326 49
194 322 48
205 242 50
266 114 42
116 256 54
204 266 50
101 406 61
429 358 60
97 275 51
254 133 39
14 120 50
215 358 54
385 242 68
390 300 48
432 219 58
379 269 60
223 128 48
410 20 44
238 134 54
383 148 45
121 35 53
359 337 47
42 386 57
53 390 54
12 421 60
58 185 53
85 144 56
96 41 46
203 394 55
311 409 55
41 285 49
176 219 53
372 351 65
143 94 44
63 25 47
25 50 47
262 372 53
402 356 43
51 328 53
201 181 50
287 301 48
126 282 52
249 338 44
203 310 56
43 39 50
372 273 47
345 274 62
139 165 47
311 96 52
168 390 53
424 64 56
387 333 54
238 271 60
387 311 51
28 361 46
220 183 51
245 374 54
226 64 57
307 21 35
269 96 62
227 192 50
152 280 54
42 56 48
6 405 61
192 260 51
186 255 53
55 239 41
395 216 49
59 111 58
332 236 50
162 138 43
55 335 42
96 251 45
337 166 43
274 153 44
354 339 59
78 130 42
397 68 62
369 359 51
239 407 54
43 270 53
60 232 53
126 33 40
330 384 46
173 286 54
272 50 44
23 121 57
263 404 37
337 196 59
112 93 65
86 18 45
296 51 53
35 236 42
135 183 49
416 82 45
67 84 57
28 59 49
84 17 54
371 53 50
138 433 59
257 90 46
413 277 45
144 194 50
432 430 61
83 289 46
242 401 50
62 265 50
315 179 56
119 129 49
287 223 54
71 236 39
3 178 57
109 78 53
135 203 49
183 294 52
409 250 45
93 303 50
170 353 52
367 141 70
130 409 56
180 379 64
341 82 58
137 93 42
79 383 49
162 334 47
304 75 42
142 348 69
303 82 63
403 164 50
331 101 46
426 226 45
240 177 48
17 77 42
157 74 59
31 61 49
328 198 47
127 176 60
159 412 51
26 155 55
294 222 51
158 83 48
9 150 58
166 68 63
118 201 59
182 71 45
4 223 47
320 310 43
92 404 51
425 70 50
290 89 56
200 198 45
291 270 60
391 109 60
212 19 47
65 142 51
408 30 59
7 348 50
317 267 45
93 8 45
273 271 48
151 152 47
312 358 50
213 127 45
305 173 54
353 297 50
356 423 42
414 439 41
13 68 50
156 339 43
296 260 51
272 61 51
381 273 47
33 351 50
382 32 50
88 116 53
317 234 53
276 27 60
378 293 44
237 338 45
137 273 52
333 231 51
269 191 51
18 401 60
78 10 56
9 172 48
280 55 37
168 400 44
416 81 49
15 157 44
348 354 42
373 182 66
81 424 42
135 265 46
219 392 42
395 268 54
269 271 45
173 388 50
232 65 63
231 337 40
189 424 47
248 97 39
112 394 37
415 65 59
301 48 50
420 317 42
56 182 48
51 95 59
350 276 58
331 308 57
167 388 60
278 400 44
137 428 56
338 295 50
182 260 47
355 100 46
20 263 44
34 89 44
33 171 48
160 374 55
416 347 55
80 148 50
439 157 63
377 271 45
113 11 53
240 200 53
183 321 44
195 169 43
346 14 54
67 204 54
25 2 53
388 206 60
300 297 58
266 273 49
186 36 47
215 188 40
279 318 53
247 154 59
91 264 52
256 123 44
436 139 52
69 372 46
347 26 57
379 17 46
133 90 52
14 341 56
311 365 47
436 248 46
46 153 45
23 46 46
365 222 63
84 55 55
38 336 59
391 140 52
133 194 54
14 201 46
55 255 54
110 96 51
105 337 51
238 384 55
123 201 56
234 20 44
266 347 38
98 217 73
423 157 44
371 403 54
27 28 55
265 167 53
322 185 44
368 416 53
51 131 47
297 372 50
154 385 54
12 198 60
377 433 50
230 150 40
2 187 41
337 243 43
403 95 37
194 242 59
428 174 50
158 317 56
249 109 52
236 148 44
17 69 50
126 378 47
141 246 57
410 144 59
125 239 60
90 282 46
324 323 44
426 94 56
67 423 47
162 137 51
375 376 43
175 430 62
134 11 55
188 251 60
146 4 45
380 255 55
402 300 43
317 83 43
324 401 45
265 107 49
58 95 42
388 414 50
243 297 42
49 8 59
438 166 56
43 21 40
348 61 48
438 230 47
323 362 45
397 26 43
226 167 52
209 261 49
331 237 44
209 10 40
356 142 31
193 164 55
247 103 47
440 319 53
73 422 54
319 207 48
142 279 45
20 55 56
247 226 47
58 346 43
131 67 48
225 236 42
137 103 43
71 12 44
185 16 45
15 243 47
347 395 46
29 361 47
155 203 47
37 55 59
406 270 47
132 329 50
369 202 57
271 402 64
136 66 59
207 185 54
36 335 63
71 311 50
167 378 53
378 223 43
368 62 48
222 183 51
356 184 52
394 384 47
130 147 47
12 93 42
287 89 59
398 359 61
99 106 57
277 326 49
13 377 48
373 437 54
332 96 45
329 202 41
439 243 33
329 248 48
169 27 53
10 153 41
9 267 52
435 263 64
168 36 46
22 341 50
434 225 43
216 30 48
290 384 45
259 307 44
58 302 56
278 323 49
409 272 52
93 130 48
163 342 52
419 62 59
290 30 57
410 173 61
121 42 60
247 292 54
348 351 49
37 164 50
374 425 55
311 182 43
54 104 57
402 17 48
124 138 56
293 221 47
212 228 33
17 423 47
45 147 36
346 330 60
301 291 49
244 140 52
359 414 52
228 61 47
77 378 50
305 6 56
149 21 53
55 95 55
433 98 55
286 5 48
221 356 53
328 17 45
387 69 51
58 184 47
385 248 48
20 63 44
26 338 47
400 383 50
198 23 47
157 311 60
234 193 60
175 106 42
184 227 54
392 417 57
248 202 53
355 72 44
251 119 50
251 350 63
438 155 50
184 218 53
401 51 47
414 261 61
218 95 44
224 440 51
113 294 53
250 363 60
113 344 57
366 192 51
218 36 52
292 209 43
144 226 46
227 59 51
356 228 70
306 4 38
120 271 58
12 171 41
120 358 51
144 77 48
89 99 44
343 119 46
323 208 61
96 154 45
280 43 48
84 148 56
272 433 60
389 325 44
371 284 45
112 255 58
382 111 55
120 172 46
250 440 55
104 349 57
120 193 58
239 89 55
30 147 58
13 333 48
107 43 36
27 266 50
75 405 55
137 350 45
196 336 46
323 212 57
350 284 55
354 375 44
88 75 52
272 353 59
391 43 45
112 384 44
125 132 48
9 19 53
133 410 45
407 97 57
147 393 50
92 337 45
33 94 47
9 287 47
253 60 55
238 289 61
114 300 56
305 264 50
13 162 54
135 139 46
158 406 54
208 436 42
411 103 38
333 152 59
396 195 49
414 258 44
312 296 52
428 79 45
412 47 58
313 180 44
389 64 56
430 235 55
160 196 57
433 422 43
399 290 44
273 67 59
218 302 65
32 224 43
360 144 50
418 328 57
72 154 46
20 7 46
238 184 40
82 134 53
436 252 57
58 403 52
248 123 36
111 15 43
245 90 58
249 7 53
193 441 61
50 111 44
163 32 52
335 45 56
265 1 47
419 362 58
329 293 65
339 135 52
369 306 45
354 250 47
68 374 38
325 34 54
417 271 49
188 311 58
39 3 58
185 262 55
266 400 53
311 429 50
60 197 52
9 346 56
352 187 42
63 348 46
405 342 50
8 92 50
64 156 51
384 311 54
439 81 46
414 198 51
262 95 42
318 157 58
127 279 51
407 334 52
77 26 54
382 53 51
220 305 32
352 175 61
200 175 44
143 369 55
9 393 62
269 148 46
267 70 51
2 439 64
359 55 67
107 100 38
21 99 55
258 89 38
97 291 55
20 156 52
387 386 54
141 233 43
430 303 45
188 395 46
239 109 55
355 35 50
357 378 47
422 61 61
243 401 49
426 87 34
390 321 61
227 38 53
56 16 53
190 337 50
411 28 43
211 412 56
277 344 41
105 250 43
293 8 55
34 294 58
300 49 56
201 108 50
112 201 50
401 347 41
102 56 57
72 268 48
203 388 54
311 396 39
345 268 51
27 33 46
263 37 48
321 387 50
104 64 48
252 390 49
343 287 47
194 286 54
299 380 39
147 166 52
73 95 55
251 95 50
28 408 42
174 165 50
309 264 53
69 272 60
110 107 52
249 270 49
398 427 40
260 33 64
199 38 37
84 197 55
328 235 63
199 350 44
399 89 28
42 145 61
271 166 55
225 27 48
24 267 43
58 356 59
398 321 60
366 88 58
182 135 46
72 185 51
257 110 55
181 47 47
114 415 40
404 340 50
82 28 48
169 55 54
25 75 43
407 439 45
221 382 44
295 84 61
35 175 53
360 423 47
48 196 42
87 231 55
28 207 41
219 17 45
390 264 53
245 260 64
147 357 57
186 26 47
330 71 41
184 36 45
118 281 45
439 191 47
386 152 50
245 88 41
73 441 36
404 192 53
295 218 46
328 280 53
306 254 52
145 162 35
109 63 47
142 161 46
393 220 56
73 142 58
437 220 56
279 342 45
343 439 46
125 131 54
310 384 56
129 200 70
348 283 58
160 186 42
102 317 57
105 365 38
259 317 51
110 44 57
441 193 51
317 419 57
41 43 41
407 248 57
87 397 46
293 405 55
414 332 51
96 140 39
57 117 45
154 124 40
114 200 50
335 115 53
176 218 57
104 183 52
17 73 43
155 184 57
426 73 49
263 180 42
197 127 52
33 418 54
56 50 63
33 126 54
255 199 59
197 262 44
151 343 53
142 131 52
354 265 49
13 24 47
68 248 46
248 80 61
2 370 48
304 81 47
55 85 58
388 270 50
35 402 44
52 260 45
381 33 56
126 24 54
189 392 44
403 12 43
225 89 40
69 7 58
27 73 45
252 255 44
225 426 45
89 340 43
350 79 54
202 223 64
158 347 53
36 39 63
204 77 62
373 80 50
71 238 47
180 280 40
175 214 53
68 381 47
349 382 49
150 29 55
357 311 49
387 100 47
292 114 39
341 39 48
127 402 47
139 187 47
328 344 44
115 54 60
213 429 56
362 233 42
201 232 53
159 39 55
233 417 49
418 202 58
251 100 41
343 58 46
21 305 50
279 199 43
303 43 60
78 110 50
48 192 43
303 142 54
437 237 53
136 50 33
30 282 57
433 308 52
384 263 45
138 434 50
286 82 46
132 242 41
95 13 49
354 413 48
424 179 63
261 96 65
85 273 49
300 362 48
231 204 36
188 147 46
335 356 44
270 276 53
297 294 41
246 142 58
7 137 52
421 113 37
83 65 37
194 157 42
231 256 60
162 253 45
220 269 36
116 414 46
175 314 44
387 357 60
239 429 53
240 34 54
336 105 62
367 410 50
135 208 50
334 187 47
152 358 48
56 376 38
406 375 44
52 300 53
67 376 41
86 430 48
28 284 48
293 86 46
439 265 59
283 80 49
53 348 41
334 352 52
49 162 59
312 259 48
399 182 46
235 28 55
149 147 62
230 228 41
112 86 50
324 96 60
214 50 52
50 293 63
249 21 44
110 317 52
408 290 60
164 248 54
296 122 55
346 283 50
12 168 56
17 397 45
320 10 51
415 143 56
393 324 39
145 59 58
390 330 55
95 54 55
103 263 53
148 230 54
33 130 44
274 204 55
157 278 50
419 250 62
103 415 35
94 187 37
18 426 40
222 207 46
163 437 37
121 432 54
245 380 45
379 329 54
83 328 47
400 61 50
8 291 54
217 279 49
386 400 58
105 278 46
122 163 39
81 252 48
81 194 51
132 221 50
11 6 48
141 37 48
105 63 57
20 186 50
346 167 54
126 384 50
156 371 47
90 134 55
239 43 46
249 90 51
88 90 48
263 298 53
15 91 45
190 206 60
280 88 44
386 288 59
40 433 39
273 129 50
99 140 45
156 235 58
410 330 51
88 367 44
219 278 40
39 188 56
396 145 55
350 117 49
425 338 41
97 100 40
12 344 43
212 193 46
421 66 53
201 76 52
221 136 53
199 289 48
56 124 52
2 143 52
212 390 50
187 15 51
198 268 50
133 56 49
155 21 43
119 166 49
379 52 50
151 367 46
155 102 61
146 376 48
370 386 59
46 218 58
