500 441 1680
1 0 10000
1 10 10
2 10 20
3 10 30
4 10 40
5 10 50
6 10 60
7 10 70
8 10 80
9 10 90
10 10 100
11 10 110
12 10 120
13 10 130
14 10 140
15 10 150
16 10 160
17 10 170
18 10 180
19 10 190
20 10 200
21 10 210
22 20 10
23 20 20
24 20 30
25 20 40
26 20 50
27 20 60
28 20 70
29 20 80
30 20 90
31 20 100
32 20 110
33 20 120
34 20 130
35 20 140
36 20 150
37 20 160
38 20 170
39 20 180
40 20 190
41 20 200
42 20 210
43 30 10
44 30 20
45 30 30
46 30 40
47 30 50
48 30 60
49 30 70
50 30 80
51 30 90
52 30 100
53 30 110
54 30 120
55 30 130
56 30 140
57 30 150
58 30 160
59 30 170
60 30 180
61 30 190
62 30 200
63 30 210
64 40 10
65 40 20
66 40 30
67 40 40
68 40 50
69 40 60
70 40 70
71 40 80
72 40 90
73 40 100
74 40 110
75 40 120
76 40 130
77 40 140
78 40 150
79 40 160
80 40 170
81 40 180
82 40 190
83 40 200
84 40 210
85 50 10
86 50 20
87 50 30
88 50 40
89 50 50
90 50 60
91 50 70
92 50 80
93 50 90
94 50 100
95 50 110
96 50 120
97 50 130
98 50 140
99 50 150
100 50 160
101 50 170
102 50 180
103 50 190
104 50 200
105 50 210
106 60 10
107 60 20
108 60 30
109 60 40
110 60 50
111 60 60
112 60 70
113 60 80
114 60 90
115 60 100
116 60 110
117 60 120
118 60 130
119 60 140
120 60 150
121 60 160
122 60 170
123 60 180
124 60 190
125 60 200
126 60 210
127 70 10
128 70 20
129 70 30
130 70 40
131 70 50
132 70 60
133 70 70
134 70 80
135 70 90
136 70 100
137 70 110
138 70 120
139 70 130
140 70 140
141 70 150
142 70 160
143 70 170
144 70 180
145 70 190
146 70 200
147 70 210
148 80 10
149 80 20
150 80 30
151 80 40
152 80 50
153 80 60
154 80 70
155 80 80
156 80 90
157 80 100
158 80 110
159 80 120
160 80 130
161 80 140
162 80 150
163 80 160
164 80 170
165 80 180
166 80 190
167 80 200
168 80 210
169 90 10
170 90 20
171 90 30
172 90 40
173 90 50
174 90 60
175 90 70
176 90 80
177 90 90
178 90 100
179 90 110
180 90 120
181 90 130
182 90 140
183 90 150
184 90 160
185 90 170
186 90 180
187 90 190
188 90 200
189 90 210
190 100 10
191 100 20
192 100 30
193 100 40
194 100 50
195 100 60
196 100 70
197 100 80
198 100 90
199 100 100
200 100 110
201 100 120
202 100 130
203 100 140
204 100 150
205 100 160
206 100 170
207 100 180
208 100 190
209 100 200
210 100 210
211 110 10
212 110 20
213 110 30
214 110 40
215 110 50
216 110 60
217 110 70
218 110 80
219 110 90
220 110 100
221 110 110
222 110 120
223 110 130
224 110 140
225 110 150
226 110 160
227 110 170
228 110 180
229 110 190
230 110 200
231 110 210
232 120 10
233 120 20
234 120 30
235 120 40
236 120 50
237 120 60
238 120 70
239 120 80
240 120 90
241 120 100
242 120 110
243 120 120
244 120 130
245 120 140
246 120 150
247 120 160
248 120 170
249 120 180
250 120 190
251 120 200
252 120 210
253 130 10
254 130 20
255 130 30
256 130 40
257 130 50
258 130 60
259 130 70
260 130 80
261 130 90
262 130 100
263 130 110
264 130 120
265 130 130
266 130 140
267 130 150
268 130 160
269 130 170
270 130 180
271 130 190
272 130 200
273 130 210
274 140 10
275 140 20
276 140 30
277 140 40
278 140 50
279 140 60
280 140 70
281 140 80
282 140 90
283 140 100
284 140 110
285 140 120
286 140 130
287 140 140
288 140 150
289 140 160
290 140 170
291 140 180
292 140 190
293 140 200
294 140 210
295 150 10
296 150 20
297 150 30
298 150 40
299 150 50
300 150 60
301 150 70
302 150 80
303 150 90
304 150 100
305 150 110
306 150 120
307 150 130
308 150 140
309 150 150
310 150 160
311 150 170
312 150 180
313 150 190
314 150 200
315 150 210
316 160 10
317 160 20
318 160 30
319 160 40
320 160 50
321 160 60
322 160 70
323 160 80
324 160 90
325 160 100
326 160 110
327 160 120
328 160 130
329 160 140
330 160 150
331 160 160
332 160 170
333 160 180
334 160 190
335 160 200
336 160 210
337 170 10
338 170 20
339 170 30
340 170 40
341 170 50
342 170 60
343 170 70
344 170 80
345 170 90
346 170 100
347 170 110
348 170 120
349 170 130
350 170 140
351 170 150
352 170 160
353 170 170
354 170 180
355 170 190
356 170 200
357 170 210
358 180 10
359 180 20
360 180 30
361 180 40
362 180 50
363 180 60
364 180 70
365 180 80
366 180 90
367 180 100
368 180 110
369 180 120
370 180 130
371 180 140
372 180 150
373 180 160
374 180 170
375 180 180
376 180 190
377 180 200
378 180 210
379 190 10
380 190 20
381 190 30
382 190 40
383 190 50
384 190 60
385 190 70
386 190 80
387 190 90
388 190 100
389 190 110
390 190 120
391 190 130
392 190 140
393 190 150
394 190 160
395 190 170
396 190 180
397 190 190
398 190 200
399 190 210
400 200 10
401 200 20
402 200 30
403 200 40
404 200 50
405 200 60
406 200 70
407 200 80
408 200 90
409 200 100
410 200 110
411 200 120
412 200 130
413 200 140
414 200 150
415 200 160
416 200 170
417 200 180
418 200 190
419 200 200
420 200 210
421 210 10
422 210 20
423 210 30
424 210 40
425 210 50
426 210 60
427 210 70
428 210 80
429 210 90
430 210 100
431 210 110
432 210 120
433 210 130
434 210 140
435 210 150
436 210 160
437 210 170
438 210 180
439 210 190
440 210 200
441 210 210
1 2 10.0 1071 159
1 22 10.0 1216 135
2 1 10.0 1193 164
2 3 10.0 1593 180
2 23 10.0 1105 126
3 2 10.0 1743 136
3 4 10.0 1765 180
3 24 10.0 1499 178
4 3 10.0 2112 147
4 5 10.0 1895 113
4 25 10.0 1380 132
5 4 10.0 1969 109
5 6 10.0 2071 160
5 26 10.0 1698 134
6 5 10.0 2285 110
6 7 10.0 2150 138
6 27 10.0 1831 135
7 6 10.0 2208 117
7 8 10.0 2220 105
7 28 10.0 2085 142
8 7 10.0 2543 101
8 9 10.0 2149 121
8 29 10.0 2260 169
9 8 10.0 2705 135
9 10 10.0 2304 175
9 30 10.0 1820 159
10 9 10.0 2514 170
10 11 10.0 2300 118
10 31 10.0 2030 192
11 10 10.0 2448 138
11 12 10.0 2395 165
11 32 10.0 2064 163
12 11 10.0 2658 109
12 13 10.0 2304 101
12 33 10.0 2179 178
13 12 10.0 2680 195
13 14 10.0 2401 150
13 34 10.0 2192 114
14 13 10.0 2693 107
14 15 10.0 2420 122
14 35 10.0 1901 175
15 14 10.0 2499 125
15 16 10.0 2322 124
15 36 10.0 2132 118
16 15 10.0 2415 106
16 17 10.0 1965 146
16 37 10.0 1966 119
17 16 10.0 2376 189
17 18 10.0 2099 118
17 38 10.0 1580 149
18 17 10.0 2263 126
18 19 10.0 1808 184
18 39 10.0 1889 171
19 18 10.0 2068 100
19 20 10.0 1566 180
19 40 10.0 1709 117
20 19 10.0 2279 193
20 21 10.0 1336 142
20 41 10.0 976 183
21 20 10.0 1501 127
21 42 10.0 1352 186
22 1 10.0 1044 127
22 23 10.0 1199 176
22 43 10.0 1611 130
23 2 10.0 1140 111
23 22 10.0 1306 103
23 24 10.0 1087 192
23 44 10.0 1283 107
24 3 10.0 1264 123
24 23 10.0 1330 193
24 25 10.0 1331 122
24 45 10.0 1669 166
25 4 10.0 1593 150
25 24 10.0 1620 120
25 26 10.0 1367 113
25 46 10.0 1510 166
26 5 10.0 1644 104
26 25 10.0 1771 191
26 27 10.0 1682 144
26 47 10.0 1615 142
27 6 10.0 1875 105
27 26 10.0 1738 197
27 28 10.0 1727 150
27 48 10.0 1844 164
28 7 10.0 1798 152
28 27 10.0 2057 123
28 29 10.0 1910 115
28 49 10.0 1862 152
29 8 10.0 2055 146
29 28 10.0 1953 172
29 30 10.0 1646 149
29 50 10.0 1956 130
30 9 10.0 2095 134
30 29 10.0 1732 170
30 31 10.0 1607 165
30 51 10.0 2027 195
31 10 10.0 2045 108
31 30 10.0 2223 105
31 32 10.0 1636 110
31 52 10.0 1813 138
32 11 10.0 2146 176
32 31 10.0 2061 128
32 33 10.0 1871 105
32 53 10.0 1694 109
33 12 10.0 1791 193
33 32 10.0 1961 146
33 34 10.0 2341 143
33 54 10.0 2186 116
34 13 10.0 2137 158
34 33 10.0 2038 111
34 35 10.0 2120 134
34 55 10.0 2135 159
35 14 10.0 2055 154
35 34 10.0 1929 124
35 36 10.0 1952 138
35 56 10.0 1960 191
36 15 10.0 2028 167
36 35 10.0 2023 100
36 37 10.0 1842 159
36 57 10.0 1924 116
37 16 10.0 1708 167
37 36 10.0 1897 186
37 38 10.0 2073 184
37 58 10.0 1723 200
38 17 10.0 1983 177
38 37 10.0 1631 185
38 39 10.0 1650 173
38 59 10.0 1900 186
39 18 10.0 1913 171
39 38 10.0 1776 132
39 40 10.0 1511 136
39 60 10.0 1736 167
40 19 10.0 1397 130
40 39 10.0 1595 173
40 41 10.0 1368 137
40 61 10.0 1702 184
41 20 10.0 1385 107
41 40 10.0 1233 137
41 42 10.0 1305 176
41 62 10.0 1426 181
42 21 10.0 1480 124
42 41 10.0 1398 120
42 63 10.0 1649 163
43 22 10.0 1314 139
43 44 10.0 1490 169
43 64 10.0 1871 128
44 23 10.0 1194 184
44 43 10.0 1471 155
44 45 10.0 1552 158
44 65 10.0 1407 128
45 24 10.0 1490 115
45 44 10.0 1474 155
45 46 10.0 1593 143
45 66 10.0 1948 174
46 25 10.0 1486 103
46 45 10.0 1794 102
46 47 10.0 1698 160
46 67 10.0 1647 180
47 26 10.0 1846 148
47 46 10.0 1780 111
47 48 10.0 1870 195
47 68 10.0 1529 149
48 27 10.0 1535 131
48 47 10.0 1817 107
48 49 10.0 1785 195
48 69 10.0 2101 121
49 28 10.0 1940 145
49 48 10.0 1922 113
49 50 10.0 1768 199
49 70 10.0 2124 168
50 29 10.0 1672 183
50 49 10.0 2134 131
50 51 10.0 1845 118
50 71 10.0 2143 199
51 30 10.0 1760 184
51 50 10.0 2158 116
51 52 10.0 2024 113
51 72 10.0 1951 102
52 31 10.0 1985 125
52 51 10.0 2020 193
52 53 10.0 1889 119
52 73 10.0 1978 115
53 32 10.0 2116 151
53 52 10.0 2035 165
53 54 10.0 2072 189
53 74 10.0 1922 196
54 33 10.0 1980 178
54 53 10.0 2079 146
54 55 10.0 2390 110
54 75 10.0 1821 131
55 34 10.0 2034 151
55 54 10.0 2011 127
55 56 10.0 2271 198
55 76 10.0 2244 189
56 35 10.0 1917 141
56 55 10.0 2102 161
56 57 10.0 1832 158
56 77 10.0 2404 170
57 36 10.0 1994 188
57 56 10.0 2251 118
57 58 10.0 1635 178
57 78 10.0 1933 117
58 37 10.0 1927 149
58 57 10.0 1827 149
58 59 10.0 2019 132
58 79 10.0 1971 106
59 38 10.0 1621 117
59 58 10.0 1966 179
59 60 10.0 1921 164
59 80 10.0 1913 177
60 39 10.0 1856 103
60 59 10.0 1701 189
60 61 10.0 1608 138
60 81 10.0 2033 100
61 40 10.0 1508 118
61 60 10.0 1626 149
61 62 10.0 1689 172
61 82 10.0 1767 169
62 41 10.0 1505 134
62 61 10.0 1675 162
62 63 10.0 1784 136
62 83 10.0 1420 139
63 42 10.0 1820 111
63 62 10.0 1558 173
63 84 10.0 2080 147
64 43 10.0 1625 111
64 65 10.0 1769 134
64 85 10.0 1969 198
65 44 10.0 1499 176
65 64 10.0 1727 146
65 66 10.0 1663 159
65 86 10.0 1393 167
66 45 10.0 1469 143
66 65 10.0 1468 102
66 67 10.0 1833 164
66 87 10.0 1970 126
67 46 10.0 1750 164
67 66 10.0 1759 186
67 68 10.0 1968 146
67 88 10.0 1721 136
68 47 10.0 2028 179
68 67 10.0 1642 193
68 69 10.0 1749 193
68 89 10.0 1971 133
69 48 10.0 1620 110
69 68 10.0 2136 107
69 70 10.0 2126 188
69 90 10.0 1840 189
70 49 10.0 2072 115
70 69 10.0 1860 135
70 71 10.0 1996 161
70 91 10.0 2262 155
71 50 10.0 1936 185
71 70 10.0 1969 127
71 72 10.0 2212 184
71 92 10.0 2099 104
72 51 10.0 2009 100
72 71 10.0 2160 158
72 73 10.0 1836 118
72 93 10.0 2041 196
73 52 10.0 2046 156
73 72 10.0 1892 103
73 74 10.0 2186 180
73 94 10.0 2040 105
74 53 10.0 2493 146
74 73 10.0 2114 122
74 75 10.0 2062 175
74 95 10.0 1941 128
75 54 10.0 2058 193
75 74 10.0 2176 163
75 76 10.0 1967 168
75 96 10.0 2151 178
76 55 10.0 1774 117
76 75 10.0 2609 142
76 77 10.0 1675 118
76 97 10.0 2217 146
77 56 10.0 1801 192
77 76 10.0 2240 193
77 78 10.0 2009 128
77 98 10.0 2110 138
78 57 10.0 2225 159
78 77 10.0 2175 135
78 79 10.0 2169 109
78 99 10.0 2010 131
79 58 10.0 2206 140
79 78 10.0 2210 138
79 80 10.0 1878 109
79 100 10.0 1911 146
80 59 10.0 1982 198
80 79 10.0 2057 109
80 81 10.0 1737 189
80 101 10.0 2040 142
81 60 10.0 1766 147
81 80 10.0 1966 131
81 82 10.0 1742 173
81 102 10.0 1701 106
82 61 10.0 1597 183
82 81 10.0 1749 101
82 83 10.0 1654 139
82 103 10.0 1871 176
83 62 10.0 1799 150
83 82 10.0 1723 126
83 84 10.0 1685 140
83 104 10.0 1439 109
84 63 10.0 2062 159
84 83 10.0 1692 189
84 105 10.0 2408 131
85 64 10.0 1954 135
85 86 10.0 1435 165
85 106 10.0 2268 152
86 65 10.0 1628 116
86 85 10.0 1529 176
86 87 10.0 1328 102
86 107 10.0 1578 113
87 66 10.0 1486 156
87 86 10.0 1665 191
87 88 10.0 1690 161
87 108 10.0 1896 199
88 67 10.0 1873 116
88 87 10.0 1613 115
88 89 10.0 1767 142
88 109 10.0 1815 162
89 68 10.0 1737 134
89 88 10.0 1690 135
89 90 10.0 1789 148
89 110 10.0 1895 143
90 69 10.0 1933 110
90 89 10.0 1761 101
90 91 10.0 1927 120
90 111 10.0 1740 146
91 70 10.0 2033 181
91 90 10.0 2038 108
91 92 10.0 1953 178
91 112 10.0 2238 134
92 71 10.0 1841 144
92 91 10.0 1966 190
92 93 10.0 2075 126
92 113 10.0 2445 171
93 72 10.0 2128 142
93 92 10.0 2179 173
93 94 10.0 2296 121
93 114 10.0 1962 162
94 73 10.0 2032 170
94 93 10.0 1952 103
94 95 10.0 2440 193
94 115 10.0 2008 156
95 74 10.0 2330 175
95 94 10.0 2010 164
95 96 10.0 2021 138
95 116 10.0 2263 165
96 75 10.0 1901 118
96 95 10.0 2272 195
96 97 10.0 2253 110
96 117 10.0 2000 184
97 76 10.0 2025 107
97 96 10.0 2175 116
97 98 10.0 1852 186
97 118 10.0 2557 179
98 77 10.0 1906 141
98 97 10.0 1985 151
98 99 10.0 2298 190
98 119 10.0 2042 189
99 78 10.0 2333 158
99 98 10.0 1858 123
99 100 10.0 2130 118
99 120 10.0 2220 137
100 79 10.0 1953 151
100 99 10.0 1912 157
100 101 10.0 2242 184
100 121 10.0 2012 100
101 80 10.0 1956 136
101 100 10.0 2069 130
101 102 10.0 2136 135
101 122 10.0 1912 141
102 81 10.0 1836 164
102 101 10.0 1996 115
102 103 10.0 1999 168
102 123 10.0 1740 141
103 82 10.0 1787 163
103 102 10.0 1675 179
103 104 10.0 1995 100
103 124 10.0 1961 141
104 83 10.0 1747 195
104 103 10.0 1927 200
104 105 10.0 1795 193
104 125 10.0 1804 162
105 84 10.0 2212 196
105 104 10.0 1805 162
105 126 10.0 2575 198
106 85 10.0 1959 129
106 107 10.0 1872 173
106 127 10.0 2226 188
107 86 10.0 1623 179
107 106 10.0 1765 106
107 108 10.0 1719 147
107 128 10.0 1729 104
108 87 10.0 1735 173
108 107 10.0 1853 125
108 109 10.0 1746 128
108 129 10.0 1892 170
109 88 10.0 1994 151
109 108 10.0 1930 190
109 110 10.0 1602 118
109 130 10.0 1878 181
110 89 10.0 1880 131
110 109 10.0 2002 115
110 111 10.0 1931 165
110 131 10.0 2001 148
111 90 10.0 1763 111
111 110 10.0 2031 167
111 112 10.0 1930 107
111 132 10.0 1750 198
112 91 10.0 2135 145
112 111 10.0 1790 187
112 113 10.0 2171 162
112 133 10.0 2423 119
113 92 10.0 2117 189
113 112 10.0 2201 181
113 114 10.0 2273 131
113 134 10.0 2170 115
114 93 10.0 2531 192
114 113 10.0 2102 173
114 115 10.0 2148 125
114 135 10.0 2076 176
115 94 10.0 2289 163
115 114 10.0 2196 193
115 116 10.0 2352 102
115 136 10.0 2071 116
116 95 10.0 2079 159
116 115 10.0 2456 186
116 117 10.0 2293 135
116 137 10.0 2231 136
117 96 10.0 2272 145
117 116 10.0 2259 145
117 118 10.0 2089 177
117 138 10.0 2155 150
118 97 10.0 2158 162
118 117 10.0 2223 126
118 119 10.0 2367 129
118 139 10.0 2228 162
119 98 10.0 2386 157
119 118 10.0 2313 182
119 120 10.0 1832 133
119 140 10.0 2250 146
120 99 10.0 2126 158
120 119 10.0 2193 172
120 121 10.0 1981 142
120 141 10.0 1992 156
121 100 10.0 2103 153
121 120 10.0 2078 200
121 122 10.0 1778 168
121 142 10.0 1966 131
122 101 10.0 1965 174
122 121 10.0 2041 191
122 123 10.0 1774 198
122 143 10.0 2050 172
123 102 10.0 1844 104
123 122 10.0 2022 114
123 124 10.0 1692 148
123 144 10.0 1997 178
124 103 10.0 1646 134
124 123 10.0 2176 110
124 125 10.0 1622 113
124 145 10.0 1857 130
125 104 10.0 1969 139
125 124 10.0 1867 194
125 126 10.0 1989 144
125 146 10.0 1662 157
126 105 10.0 2380 123
126 125 10.0 2085 145
126 147 10.0 2562 165
127 106 10.0 2210 184
127 128 10.0 2036 191
127 148 10.0 2460 157
128 107 10.0 1686 152
128 127 10.0 1977 169
128 129 10.0 1737 155
128 149 10.0 1871 197
129 108 10.0 1616 100
129 128 10.0 1710 103
129 130 10.0 2018 199
129 150 10.0 2007 196
130 109 10.0 1956 195
130 129 10.0 1655 105
130 131 10.0 2041 104
130 151 10.0 1928 189
131 110 10.0 2233 136
131 130 10.0 1934 165
131 132 10.0 2141 114
131 152 10.0 1881 182
132 111 10.0 2157 134
132 131 10.0 2142 182
132 133 10.0 1888 155
132 153 10.0 2232 147
133 112 10.0 2038 195
133 132 10.0 2097 140
133 134 10.0 1896 144
133 154 10.0 2323 117
134 113 10.0 2071 172
134 133 10.0 2147 131
134 135 10.0 2199 193
134 155 10.0 2101 166
135 114 10.0 2401 112
135 134 10.0 2011 147
135 136 10.0 2093 179
135 156 10.0 2400 119
136 115 10.0 2243 170
136 135 10.0 2056 139
136 137 10.0 2250 183
136 157 10.0 2045 103
137 116 10.0 2241 132
137 136 10.0 2078 116
137 138 10.0 1997 162
137 158 10.0 2336 115
138 117 10.0 2370 101
138 137 10.0 2249 112
138 139 10.0 2049 148
138 159 10.0 2153 111
139 118 10.0 2064 127
139 138 10.0 2234 134
139 140 10.0 2021 107
139 160 10.0 2371 126
140 119 10.0 2154 197
140 139 10.0 2431 165
140 141 10.0 2134 104
140 161 10.0 1978 183
141 120 10.0 2056 154
141 140 10.0 2013 181
141 142 10.0 1869 118
141 162 10.0 2284 170
142 121 10.0 1927 135
142 141 10.0 2027 143
142 143 10.0 2027 128
142 163 10.0 2042 143
143 122 10.0 2133 139
143 142 10.0 2077 176
143 144 10.0 1841 163
143 164 10.0 2222 169
144 123 10.0 1657 191
144 143 10.0 2262 146
144 145 10.0 1806 161
144 165 10.0 1901 174
145 124 10.0 1814 143
145 144 10.0 1809 119
145 146 10.0 1922 152
145 166 10.0 1874 123
146 125 10.0 1743 168
146 145 10.0 1863 197
146 147 10.0 1951 132
146 167 10.0 1936 183
147 126 10.0 2337 131
147 146 10.0 2147 101
147 168 10.0 2311 170
148 127 10.0 2266 185
148 149 10.0 2038 134
148 169 10.0 2169 126
149 128 10.0 1851 102
149 148 10.0 1751 133
149 150 10.0 1858 198
149 170 10.0 2037 149
150 129 10.0 1947 152
150 149 10.0 1738 134
150 151 10.0 1901 200
150 171 10.0 1962 164
151 130 10.0 1925 168
151 150 10.0 2037 149
151 152 10.0 2004 155
151 172 10.0 1900 105
152 131 10.0 1998 175
152 151 10.0 1832 197
152 153 10.0 2235 158
152 173 10.0 2102 105
153 132 10.0 2256 187
153 152 10.0 1984 171
153 154 10.0 2262 167
153 174 10.0 2102 196
154 133 10.0 1873 108
154 153 10.0 2010 192
154 155 10.0 2326 108
154 175 10.0 2333 174
155 134 10.0 2356 174
155 154 10.0 1888 137
155 156 10.0 2107 192
155 176 10.0 2254 140
156 135 10.0 2281 153
156 155 10.0 2144 151
156 157 10.0 2360 152
156 177 10.0 2256 193
157 136 10.0 2295 125
157 156 10.0 2062 190
157 158 10.0 2185 170
157 178 10.0 2240 164
158 137 10.0 1986 172
158 157 10.0 2121 160
158 159 10.0 2323 166
158 179 10.0 2478 118
159 138 10.0 2482 119
159 158 10.0 2471 176
159 160 10.0 1912 120
159 180 10.0 2229 105
160 139 10.0 2084 167
160 159 10.0 2327 166
160 161 10.0 2287 112
160 181 10.0 2291 155
161 140 10.0 2285 119
161 160 10.0 2380 160
161 162 10.0 2139 170
161 182 10.0 2007 129
162 141 10.0 2108 190
162 161 10.0 2217 149
162 163 10.0 1980 164
162 183 10.0 2479 100
163 142 10.0 2166 100
163 162 10.0 2151 155
163 164 10.0 1818 189
163 184 10.0 2013 186
164 143 10.0 2066 154
164 163 10.0 2132 176
164 165 10.0 1987 114
164 185 10.0 1959 195
165 144 10.0 1986 181
165 164 10.0 2021 146
165 166 10.0 2020 139
165 186 10.0 1834 103
166 145 10.0 1899 150
166 165 10.0 2033 147
166 167 10.0 2042 136
166 187 10.0 1988 132
167 146 10.0 1768 140
167 166 10.0 2028 178
167 168 10.0 2109 168
167 188 10.0 1926 136
168 147 10.0 2424 199
168 167 10.0 1827 129
168 189 10.0 2380 163
169 148 10.0 2446 200
169 170 10.0 1980 179
169 190 10.0 2339 151
170 149 10.0 1845 128
170 169 10.0 1998 104
170 171 10.0 1879 185
170 191 10.0 2181 176
171 150 10.0 1873 194
171 170 10.0 1997 156
171 172 10.0 1799 190
171 192 10.0 1978 103
172 151 10.0 2132 105
172 171 10.0 1824 114
172 173 10.0 2112 143
172 193 10.0 1977 157
173 152 10.0 2238 119
173 172 10.0 1917 111
173 174 10.0 2045 134
173 194 10.0 2141 152
174 153 10.0 2190 159
174 173 10.0 2146 180
174 175 10.0 2183 111
174 195 10.0 2289 138
175 154 10.0 2100 123
175 174 10.0 2311 170
175 176 10.0 2159 184
175 196 10.0 2157 164
176 155 10.0 2007 142
176 175 10.0 2176 107
176 177 10.0 2359 150
176 197 10.0 2196 104
177 156 10.0 2319 172
177 176 10.0 2241 140
177 178 10.0 2493 175
177 198 10.0 2054 156
178 157 10.0 2422 143
178 177 10.0 2229 154
178 179 10.0 1969 139
178 199 10.0 2356 100
179 158 10.0 1667 156
179 178 10.0 2158 166
179 180 10.0 2023 129
179 200 10.0 2776 107
180 159 10.0 2197 148
180 179 10.0 2251 197
180 181 10.0 2220 128
180 201 10.0 2249 122
181 160 10.0 2182 146
181 180 10.0 2156 108
181 182 10.0 2266 182
181 202 10.0 2139 180
182 161 10.0 2374 177
182 181 10.0 2000 180
182 183 10.0 2071 109
182 203 10.0 2309 172
183 162 10.0 2095 190
183 182 10.0 2149 182
183 184 10.0 2217 162
183 204 10.0 2059 141
184 163 10.0 1992 194
184 183 10.0 1725 114
184 185 10.0 2016 159
184 205 10.0 2396 104
185 164 10.0 2117 109
185 184 10.0 1898 132
185 186 10.0 1956 200
185 206 10.0 1937 101
186 165 10.0 1999 131
186 185 10.0 1895 135
186 187 10.0 1879 133
186 207 10.0 1915 151
187 166 10.0 2063 153
187 186 10.0 1732 137
187 188 10.0 1694 112
187 208 10.0 2032 154
188 167 10.0 2045 153
188 187 10.0 1971 116
188 189 10.0 1774 155
188 209 10.0 2090 110
189 168 10.0 2247 118
189 188 10.0 2139 106
189 210 10.0 2400 131
190 169 10.0 2530 191
190 191 10.0 2030 167
190 211 10.0 2346 190
191 170 10.0 1887 111
191 190 10.0 2069 171
191 192 10.0 2025 175
191 212 10.0 1950 183
192 171 10.0 1863 152
192 191 10.0 1882 132
192 193 10.0 2212 137
192 213 10.0 2054 110
193 172 10.0 2356 144
193 192 10.0 2001 155
193 194 10.0 2038 195
193 214 10.0 1984 193
194 173 10.0 2105 147
194 193 10.0 2334 137
194 195 10.0 2302 171
194 215 10.0 1926 146
195 174 10.0 2381 142
195 194 10.0 2139 143
195 196 10.0 2206 174
195 216 10.0 2280 173
196 175 10.0 2007 141
196 195 10.0 2377 142
196 197 10.0 2219 114
196 217 10.0 1872 168
197 176 10.0 2117 110
197 196 10.0 2093 179
197 198 10.0 2101 115
197 218 10.0 2322 183
198 177 10.0 2313 153
198 197 10.0 2130 123
198 199 10.0 2172 143
198 219 10.0 2270 107
199 178 10.0 2124 151
199 198 10.0 2674 148
199 200 10.0 1843 146
199 220 10.0 2484 106
200 179 10.0 2079 193
200 199 10.0 2711 135
200 201 10.0 2468 192
200 221 10.0 1944 109
201 180 10.0 2513 180
201 200 10.0 2165 168
201 202 10.0 2208 165
201 222 10.0 2074 182
202 181 10.0 2272 143
202 201 10.0 2161 181
202 203 10.0 2158 190
202 223 10.0 2267 105
203 182 10.0 2416 176
203 202 10.0 2315 136
203 204 10.0 2101 130
203 224 10.0 2143 128
204 183 10.0 2245 161
204 203 10.0 2132 118
204 205 10.0 2064 183
204 225 10.0 2084 109
205 184 10.0 1870 168
205 204 10.0 2330 138
205 206 10.0 2225 142
205 226 10.0 2237 135
206 185 10.0 2135 117
206 205 10.0 2138 122
206 207 10.0 2062 176
206 227 10.0 2030 123
207 186 10.0 2192 195
207 206 10.0 1880 167
207 208 10.0 1936 134
207 228 10.0 2106 180
208 187 10.0 1944 171
208 207 10.0 2164 173
208 209 10.0 1704 145
208 229 10.0 1926 105
209 188 10.0 1981 184
209 208 10.0 1793 167
209 210 10.0 2175 104
209 230 10.0 1833 180
210 189 10.0 2428 109
210 209 10.0 1905 130
210 231 10.0 2506 117
211 190 10.0 2541 180
211 212 10.0 2085 198
211 232 10.0 2517 139
212 191 10.0 1953 131
212 211 10.0 2256 107
212 213 10.0 1866 135
212 233 10.0 2086 195
213 192 10.0 1968 195
213 212 10.0 2093 153
213 214 10.0 2025 151
213 234 10.0 1994 191
214 193 10.0 2035 148
214 213 10.0 2161 147
214 215 10.0 1847 148
214 235 10.0 2096 147
215 194 10.0 2241 129
215 214 10.0 2307 145
215 216 10.0 1976 126
215 236 10.0 1875 108
216 195 10.0 2052 139
216 215 10.0 2116 150
216 217 10.0 2290 103
216 237 10.0 2332 124
217 196 10.0 2146 128
217 216 10.0 2272 164
217 218 10.0 2261 158
217 238 10.0 2062 153
218 197 10.0 2068 136
218 217 10.0 2439 179
218 219 10.0 2286 196
218 239 10.0 2284 138
219 198 10.0 2192 195
219 218 10.0 2575 110
219 220 10.0 2302 173
219 240 10.0 2109 143
220 199 10.0 2075 162
220 219 10.0 2502 132
220 221 10.0 2185 198
220 241 10.0 2489 148
221 200 10.0 2479 104
221 220 10.0 2270 117
221 222 10.0 1990 159
221 242 10.0 2244 135
222 201 10.0 2171 165
222 221 10.0 2165 139
222 223 10.0 2478 129
222 243 10.0 2077 138
223 202 10.0 2237 165
223 222 10.0 2351 172
223 224 10.0 2712 101
223 244 10.0 2075 161
224 203 10.0 2240 144
224 223 10.0 2362 124
224 225 10.0 2262 120
224 245 10.0 2306 133
225 204 10.0 2162 107
225 224 10.0 1960 117
225 226 10.0 2412 188
225 246 10.0 2224 131
226 205 10.0 2153 180
226 225 10.0 2112 178
226 227 10.0 2404 115
226 247 10.0 2228 119
227 206 10.0 2286 130
227 226 10.0 1978 171
227 228 10.0 2095 180
227 248 10.0 1998 157
228 207 10.0 2037 106
228 227 10.0 2109 126
228 229 10.0 1926 151
228 249 10.0 2122 138
229 208 10.0 1980 122
229 228 10.0 1989 195
229 230 10.0 1941 103
229 250 10.0 1795 148
230 209 10.0 2073 136
230 229 10.0 1796 142
230 231 10.0 2007 178
230 251 10.0 1880 169
231 210 10.0 2226 133
231 230 10.0 2238 189
231 252 10.0 2345 154
232 211 10.0 2400 169
232 233 10.0 1898 144
232 253 10.0 2385 132
233 212 10.0 1950 158
233 232 10.0 1818 170
233 234 10.0 2216 191
233 254 10.0 1838 164
234 213 10.0 1905 160
234 233 10.0 1947 189
234 235 10.0 2114 139
234 255 10.0 2132 168
235 214 10.0 2021 185
235 234 10.0 2065 175
235 236 10.0 2140 129
235 256 10.0 1964 162
236 215 10.0 2271 120
236 235 10.0 1857 178
236 237 10.0 1997 167
236 257 10.0 2097 124
237 216 10.0 2223 132
237 236 10.0 2118 133
237 238 10.0 2214 192
237 258 10.0 2233 190
238 217 10.0 2199 163
238 237 10.0 2135 186
238 239 10.0 2036 102
238 259 10.0 2218 138
239 218 10.0 2001 128
239 238 10.0 2077 101
239 240 10.0 1961 150
239 260 10.0 2296 181
240 219 10.0 2237 115
240 239 10.0 2137 130
240 241 10.0 2122 168
240 261 10.0 2179 183
241 220 10.0 2100 162
241 240 10.0 2088 166
241 242 10.0 2487 108
241 262 10.0 2064 119
242 221 10.0 2505 200
242 241 10.0 2144 129
242 243 10.0 2490 170
242 263 10.0 2035 176
243 222 10.0 2454 161
243 242 10.0 2192 167
243 244 10.0 2160 105
243 264 10.0 2432 159
244 223 10.0 2278 113
244 243 10.0 2335 121
244 245 10.0 2095 145
244 265 10.0 2068 169
245 224 10.0 2286 184
245 244 10.0 2367 164
245 246 10.0 1954 193
245 266 10.0 2195 107
246 225 10.0 2301 125
246 245 10.0 2172 170
246 247 10.0 2097 129
246 267 10.0 2002 128
247 226 10.0 2300 127
247 246 10.0 2165 197
247 248 10.0 2168 200
247 268 10.0 1917 173
248 227 10.0 1883 145
248 247 10.0 2021 171
248 249 10.0 2099 181
248 269 10.0 2342 152
249 228 10.0 1946 199
249 248 10.0 1951 187
249 250 10.0 2211 198
249 270 10.0 2136 132
250 229 10.0 2008 200
250 249 10.0 2153 181
250 251 10.0 1899 138
250 271 10.0 2138 116
251 230 10.0 1711 185
251 250 10.0 2197 152
251 252 10.0 1817 146
251 272 10.0 1958 137
252 231 10.0 2234 167
252 251 10.0 2096 120
252 273 10.0 2255 112
253 232 10.0 2439 113
253 254 10.0 1876 108
253 274 10.0 2328 172
254 233 10.0 1926 113
254 253 10.0 1744 102
254 255 10.0 1935 117
254 275 10.0 1666 132
255 234 10.0 1720 189
255 254 10.0 1701 171
255 256 10.0 2142 142
255 276 10.0 1940 185
256 235 10.0 2051 150
256 255 10.0 1570 103
256 257 10.0 1993 122
256 277 10.0 2243 118
257 236 10.0 2155 176
257 256 10.0 1928 200
257 258 10.0 1966 113
257 278 10.0 1879 104
258 237 10.0 2317 162
258 257 10.0 1846 169
258 259 10.0 2035 178
258 279 10.0 2200 187
259 238 10.0 2219 153
259 258 10.0 1933 164
259 260 10.0 2137 110
259 280 10.0 2127 178
260 239 10.0 1957 138
260 259 10.0 1913 181
260 261 10.0 2383 164
260 281 10.0 2199 197
261 240 10.0 2460 167
261 260 10.0 2055 191
261 262 10.0 2100 164
261 282 10.0 2035 149
262 241 10.0 1961 139
262 261 10.0 2322 122
262 263 10.0 2202 107
262 283 10.0 2015 199
263 242 10.0 2333 112
263 262 10.0 2220 135
263 264 10.0 2069 162
263 284 10.0 2177 102
264 243 10.0 2204 104
264 263 10.0 2320 172
264 265 10.0 2077 101
264 285 10.0 2210 142
265 244 10.0 2338 172
265 264 10.0 2210 118
265 266 10.0 1980 117
265 286 10.0 2045 158
266 245 10.0 2057 105
266 265 10.0 2057 190
266 267 10.0 2231 145
266 287 10.0 2176 152
267 246 10.0 2177 117
267 266 10.0 2167 190
267 268 10.0 1976 157
267 288 10.0 2153 103
268 247 10.0 1972 150
268 267 10.0 2213 126
268 269 10.0 2025 132
268 289 10.0 2227 137
269 248 10.0 2283 147
269 268 10.0 2214 104
269 270 10.0 1951 167
269 290 10.0 2236 169
270 249 10.0 1836 125
270 269 10.0 2194 172
270 271 10.0 1861 133
270 291 10.0 2027 129
271 250 10.0 2018 125
271 270 10.0 1890 178
271 272 10.0 1894 132
271 292 10.0 1775 169
272 251 10.0 1777 108
272 271 10.0 1895 154
272 273 10.0 1676 141
272 293 10.0 1987 125
273 252 10.0 2328 128
273 272 10.0 1826 200
273 294 10.0 2132 179
274 253 10.0 2454 155
274 275 10.0 1950 130
274 295 10.0 2147 198
275 254 10.0 1790 137
275 274 10.0 1870 179
275 276 10.0 1612 194
275 296 10.0 1701 155
276 255 10.0 1927 175
276 275 10.0 1931 128
276 277 10.0 1937 130
276 297 10.0 1970 132
277 256 10.0 1812 106
277 276 10.0 2117 188
277 278 10.0 2077 121
277 298 10.0 1990 158
278 257 10.0 1960 100
278 277 10.0 1843 199
278 279 10.0 2028 174
278 299 10.0 2046 138
279 258 10.0 2334 172
279 278 10.0 1995 179
279 280 10.0 2053 196
279 300 10.0 2085 123
280 259 10.0 2290 109
280 279 10.0 2187 157
280 281 10.0 2053 144
280 301 10.0 1967 195
281 260 10.0 1929 103
281 280 10.0 2161 167
281 282 10.0 2031 165
281 302 10.0 2063 182
282 261 10.0 1876 176
282 281 10.0 2024 103
282 283 10.0 1932 112
282 303 10.0 2135 161
283 262 10.0 2197 130
283 282 10.0 2026 163
283 284 10.0 2294 185
283 304 10.0 1814 125
284 263 10.0 2266 101
284 283 10.0 2184 133
284 285 10.0 2251 112
284 305 10.0 1965 187
285 264 10.0 2280 118
285 284 10.0 2109 132
285 286 10.0 2092 153
285 306 10.0 2185 128
286 265 10.0 2381 102
286 285 10.0 2069 178
286 287 10.0 2292 117
286 307 10.0 2073 159
287 266 10.0 2184 191
287 286 10.0 2387 119
287 288 10.0 2183 151
287 308 10.0 2014 167
288 267 10.0 2065 182
288 287 10.0 2228 115
288 289 10.0 2164 112
288 309 10.0 1969 119
289 268 10.0 2275 152
289 288 10.0 1955 195
289 290 10.0 1968 126
289 310 10.0 2304 198
290 269 10.0 2144 176
290 289 10.0 2054 148
290 291 10.0 2191 123
290 311 10.0 1889 151
291 270 10.0 2101 133
291 290 10.0 1939 168
291 292 10.0 2051 137
291 312 10.0 2078 192
292 271 10.0 1855 131
292 291 10.0 2079 102
292 293 10.0 2138 168
292 313 10.0 1584 116
293 272 10.0 1759 182
293 292 10.0 1732 100
293 294 10.0 2046 183
293 314 10.0 1934 163
294 273 10.0 2438 135
294 293 10.0 1809 147
294 315 10.0 2123 148
295 274 10.0 2280 121
295 296 10.0 1671 194
295 316 10.0 2191 192
296 275 10.0 1587 122
296 295 10.0 1814 162
296 297 10.0 2050 161
296 317 10.0 1567 181
297 276 10.0 2062 135
297 296 10.0 1761 132
297 298 10.0 1957 103
297 318 10.0 1677 178
298 277 10.0 1920 164
298 297 10.0 1747 183
298 299 10.0 2170 167
298 319 10.0 1783 138
299 278 10.0 1951 136
299 298 10.0 1718 193
299 300 10.0 2148 166
299 320 10.0 2212 177
300 279 10.0 2005 157
300 299 10.0 2018 163
300 301 10.0 1990 117
300 321 10.0 2042 168
301 280 10.0 2249 120
301 300 10.0 2026 169
301 302 10.0 2193 117
301 322 10.0 1854 107
302 281 10.0 1858 126
302 301 10.0 2244 162
302 303 10.0 2159 151
302 323 10.0 2009 142
303 282 10.0 2129 145
303 302 10.0 1970 113
303 304 10.0 2159 188
303 324 10.0 2112 124
304 283 10.0 2219 119
304 303 10.0 1975 107
304 305 10.0 2211 110
304 325 10.0 1733 157
305 284 10.0 2150 193
305 304 10.0 2118 103
305 306 10.0 1964 132
305 326 10.0 2053 142
306 285 10.0 2210 144
306 305 10.0 2075 118
306 307 10.0 2117 109
306 327 10.0 2126 170
307 286 10.0 2173 155
307 306 10.0 2242 147
307 308 10.0 2091 197
307 328 10.0 1878 188
308 287 10.0 2003 175
308 307 10.0 1961 108
308 309 10.0 1945 196
308 329 10.0 2007 136
309 288 10.0 2099 154
309 308 10.0 1804 146
309 310 10.0 2022 108
309 330 10.0 2296 113
310 289 10.0 2034 150
310 309 10.0 2263 169
310 311 10.0 2027 126
310 331 10.0 1983 200
311 290 10.0 2017 180
311 310 10.0 1965 143
311 312 10.0 2080 176
311 332 10.0 1933 168
312 291 10.0 1934 165
312 311 10.0 2065 157
312 313 10.0 2104 194
312 333 10.0 2000 123
313 292 10.0 1968 110
313 312 10.0 1881 120
313 314 10.0 1774 189
313 334 10.0 1941 128
314 293 10.0 1672 176
314 313 10.0 2085 193
314 315 10.0 2081 157
314 335 10.0 1566 113
315 294 10.0 2324 172
315 314 10.0 1841 153
315 336 10.0 2338 104
316 295 10.0 2179 177
316 317 10.0 1925 150
316 337 10.0 1711 133
317 296 10.0 1642 181
317 316 10.0 1545 136
317 318 10.0 1850 196
317 338 10.0 1701 157
318 297 10.0 1795 169
318 317 10.0 1826 194
318 319 10.0 1744 152
318 339 10.0 2010 160
319 298 10.0 1899 164
319 318 10.0 2049 127
319 320 10.0 1732 127
319 340 10.0 1702 150
320 299 10.0 1720 176
320 319 10.0 2075 178
320 321 10.0 1842 135
320 341 10.0 1933 185
321 300 10.0 1797 118
321 320 10.0 2035 103
321 322 10.0 1833 124
321 342 10.0 1884 150
322 301 10.0 2099 103
322 321 10.0 1922 194
322 323 10.0 1690 184
322 343 10.0 1902 189
323 302 10.0 2109 192
323 322 10.0 1956 105
323 324 10.0 1827 135
323 344 10.0 1955 102
324 303 10.0 1849 144
324 323 10.0 2151 155
324 325 10.0 2067 100
324 345 10.0 1591 195
325 304 10.0 2194 139
325 324 10.0 1790 186
325 326 10.0 1861 183
325 346 10.0 2201 129
326 305 10.0 2099 138
326 325 10.0 2151 106
326 327 10.0 1915 159
326 347 10.0 2075 157
327 306 10.0 2025 142
327 326 10.0 2345 107
327 328 10.0 1967 112
327 348 10.0 2147 162
328 307 10.0 2344 188
328 327 10.0 2078 101
328 329 10.0 1821 116
328 349 10.0 2017 160
329 308 10.0 2058 172
329 328 10.0 2141 139
329 330 10.0 1926 172
329 350 10.0 1788 170
330 309 10.0 2028 134
330 329 10.0 1997 164
330 331 10.0 2004 128
330 351 10.0 1902 105
331 310 10.0 2103 146
331 330 10.0 2136 107
331 332 10.0 2099 163
331 352 10.0 2003 163
332 311 10.0 1949 151
332 331 10.0 2292 183
332 333 10.0 1887 106
332 353 10.0 1881 170
333 312 10.0 1946 199
333 332 10.0 1962 127
333 334 10.0 1530 101
333 354 10.0 1981 179
334 313 10.0 1908 154
334 333 10.0 1779 147
334 335 10.0 1623 144
334 355 10.0 1617 118
335 314 10.0 1851 133
335 334 10.0 1661 187
335 336 10.0 1995 143
335 356 10.0 1642 129
336 315 10.0 2301 149
336 335 10.0 2133 110
336 357 10.0 2160 130
337 316 10.0 2129 100
337 338 10.0 1635 122
337 358 10.0 1607 126
338 317 10.0 1536 133
338 337 10.0 1680 186
338 339 10.0 1668 185
338 359 10.0 1658 165
339 318 10.0 1656 144
339 338 10.0 1701 181
339 340 10.0 1816 189
339 360 10.0 1511 175
340 319 10.0 1661 169
340 339 10.0 1664 169
340 341 10.0 1699 179
340 361 10.0 1953 119
341 320 10.0 1773 150
341 340 10.0 1782 198
341 342 10.0 1811 164
341 362 10.0 1505 157
342 321 10.0 1971 139
342 341 10.0 1735 132
342 343 10.0 1804 155
342 363 10.0 1859 137
343 322 10.0 1979 111
343 342 10.0 1875 111
343 344 10.0 1764 132
343 364 10.0 1936 176
344 323 10.0 1947 103
344 343 10.0 1939 177
344 345 10.0 1840 139
344 365 10.0 1755 172
345 324 10.0 2010 186
345 344 10.0 1935 162
345 346 10.0 1769 142
345 366 10.0 1804 151
346 325 10.0 2042 128
346 345 10.0 2089 113
346 347 10.0 1959 181
346 367 10.0 2069 129
347 326 10.0 1875 170
347 346 10.0 2034 137
347 348 10.0 2232 104
347 368 10.0 1998 156
348 327 10.0 2112 197
348 347 10.0 1914 138
348 349 10.0 2191 159
348 369 10.0 2045 198
349 328 10.0 2217 133
349 348 10.0 1887 177
349 350 10.0 2057 106
349 370 10.0 1859 122
350 329 10.0 2077 105
350 349 10.0 1908 182
350 351 10.0 1783 152
350 371 10.0 1850 140
351 330 10.0 1806 122
351 350 10.0 1944 183
351 352 10.0 1860 175
351 372 10.0 2006 140
352 331 10.0 1956 126
352 351 10.0 2062 145
352 353 10.0 1686 192
352 373 10.0 1949 195
353 332 10.0 2000 187
353 352 10.0 1659 144
353 354 10.0 1756 127
353 374 10.0 1763 197
354 333 10.0 1759 126
354 353 10.0 1890 167
354 355 10.0 1828 105
354 375 10.0 1782 171
355 334 10.0 1810 150
355 354 10.0 1797 131
355 356 10.0 1735 185
355 376 10.0 1427 124
356 335 10.0 1693 132
356 355 10.0 1623 106
356 357 10.0 1707 177
356 377 10.0 1481 199
357 336 10.0 2236 123
357 356 10.0 1538 130
357 378 10.0 2173 179
358 337 10.0 2165 126
358 359 10.0 1512 125
358 379 10.0 1483 140
359 338 10.0 1542 170
359 358 10.0 1651 115
359 360 10.0 1374 151
359 380 10.0 1487 106
360 339 10.0 1523 157
360 359 10.0 1649 132
360 361 10.0 1602 195
360 381 10.0 1618 158
361 340 10.0 1709 145
361 360 10.0 1704 112
361 362 10.0 1776 114
361 382 10.0 1561 150
362 341 10.0 1515 184
362 361 10.0 1854 142
362 363 10.0 1876 156
362 383 10.0 1780 189
363 342 10.0 1865 155
363 362 10.0 1977 174
363 364 10.0 1860 120
363 384 10.0 1728 161
364 343 10.0 1835 178
364 363 10.0 2002 119
364 365 10.0 1899 111
364 385 10.0 1985 195
365 344 10.0 1790 143
365 364 10.0 2041 193
365 366 10.0 1787 157
365 386 10.0 1923 110
366 345 10.0 2108 185
366 365 10.0 2090 164
366 367 10.0 1431 200
366 387 10.0 1877 134
367 346 10.0 2052 172
367 366 10.0 2051 196
367 368 10.0 1678 129
367 388 10.0 1945 132
368 347 10.0 2144 118
368 367 10.0 2011 124
368 369 10.0 1816 127
368 389 10.0 1925 124
369 348 10.0 2116 156
369 368 10.0 2121 128
369 370 10.0 2045 172
369 390 10.0 1722 166
370 349 10.0 1822 141
370 369 10.0 2118 129
370 371 10.0 1681 109
370 391 10.0 2139 197
371 350 10.0 1889 172
371 370 10.0 2008 117
371 372 10.0 1934 110
371 392 10.0 1883 157
372 351 10.0 1962 166
372 371 10.0 2265 148
372 373 10.0 1794 106
372 393 10.0 1930 175
373 352 10.0 2024 177
373 372 10.0 1882 158
373 374 10.0 1708 134
373 394 10.0 1770 174
374 353 10.0 1726 113
374 373 10.0 2081 144
374 375 10.0 1652 148
374 395 10.0 1731 169
375 354 10.0 1582 175
375 374 10.0 1912 135
375 376 10.0 1815 141
375 396 10.0 1358 133
376 355 10.0 1640 123
376 375 10.0 1666 149
376 377 10.0 1416 158
376 397 10.0 1595 171
377 356 10.0 1622 145
377 376 10.0 1610 186
377 378 10.0 1501 129
377 398 10.0 1385 173
378 357 10.0 1897 194
378 377 10.0 1694 199
378 399 10.0 2057 161
379 358 10.0 2085 193
379 380 10.0 1250 137
379 400 10.0 1482 177
380 359 10.0 1310 112
380 379 10.0 1513 134
380 381 10.0 1288 150
380 401 10.0 1583 188
381 360 10.0 1770 172
381 380 10.0 1457 117
381 382 10.0 1337 114
381 402 10.0 1369 200
382 361 10.0 1429 151
382 381 10.0 1536 154
382 383 10.0 1734 104
382 403 10.0 1491 190
383 362 10.0 1794 112
383 382 10.0 1736 172
383 384 10.0 1763 186
383 404 10.0 1800 173
384 363 10.0 1842 130
384 383 10.0 2022 138
384 385 10.0 1711 131
384 405 10.0 1794 145
385 364 10.0 1679 155
385 384 10.0 2022 136
385 386 10.0 1870 106
385 406 10.0 1731 126
386 365 10.0 1991 148
386 385 10.0 1637 135
386 387 10.0 1919 141
386 407 10.0 1698 144
387 366 10.0 1768 169
387 386 10.0 1620 155
387 388 10.0 1973 190
387 408 10.0 1917 126
388 367 10.0 2225 107
388 387 10.0 1731 114
388 389 10.0 2006 167
388 409 10.0 1823 183
389 368 10.0 2142 168
389 388 10.0 1908 161
389 390 10.0 1795 163
389 410 10.0 2002 121
390 369 10.0 1849 130
390 389 10.0 1894 166
390 391 10.0 1645 115
390 411 10.0 1961 105
391 370 10.0 1972 159
391 390 10.0 1971 193
391 392 10.0 1903 173
391 412 10.0 2063 122
392 371 10.0 1867 107
392 391 10.0 1888 189
392 393 10.0 1765 124
392 413 10.0 1953 184
393 372 10.0 1885 160
393 392 10.0 2005 162
393 394 10.0 1661 120
393 414 10.0 1888 151
394 373 10.0 1525 112
394 393 10.0 1901 170
394 395 10.0 1799 101
394 415 10.0 1848 193
395 374 10.0 1893 197
395 394 10.0 1798 183
395 396 10.0 1820 161
395 416 10.0 1562 180
396 375 10.0 1669 186
396 395 10.0 1751 148
396 397 10.0 1448 176
396 417 10.0 1391 117
397 376 10.0 1567 123
397 396 10.0 1466 141
397 398 10.0 1395 172
397 418 10.0 1460 128
398 377 10.0 1401 159
398 397 10.0 1487 138
398 399 10.0 1345 122
398 419 10.0 1381 105
399 378 10.0 2064 126
399 398 10.0 1354 118
399 420 10.0 1773 162
400 379 10.0 1707 137
400 401 10.0 1141 122
400 421 10.0 1212 118
401 380 10.0 1427 166
401 400 10.0 1179 172
401 402 10.0 1234 150
401 422 10.0 1283 136
402 381 10.0 1581 160
402 401 10.0 1374 119
402 403 10.0 1325 112
402 423 10.0 1475 189
403 382 10.0 1640 148
403 402 10.0 1467 134
403 404 10.0 1372 106
403 424 10.0 1819 124
404 383 10.0 1664 149
404 403 10.0 1828 139
404 405 10.0 1474 190
404 425 10.0 1635 197
405 384 10.0 1938 164
405 404 10.0 1884 170
405 406 10.0 1675 162
405 426 10.0 1511 196
406 385 10.0 1845 133
406 405 10.0 1816 188
406 407 10.0 1623 173
406 427 10.0 1766 138
407 386 10.0 1983 165
407 406 10.0 1964 144
407 408 10.0 1714 125
407 428 10.0 1902 126
408 387 10.0 1741 194
408 407 10.0 1829 128
408 409 10.0 1836 179
408 429 10.0 2030 125
409 388 10.0 2017 122
409 408 10.0 1713 173
409 410 10.0 1776 171
409 430 10.0 1955 137
410 389 10.0 1924 144
410 409 10.0 1763 144
410 411 10.0 1906 124
410 431 10.0 2109 138
411 390 10.0 1826 119
411 410 10.0 1856 101
411 412 10.0 1692 102
411 432 10.0 2015 156
412 391 10.0 2073 170
412 411 10.0 1720 124
412 413 10.0 1989 124
412 433 10.0 1940 104
413 392 10.0 1841 189
413 412 10.0 2008 143
413 414 10.0 1829 130
413 434 10.0 1892 125
414 393 10.0 1912 152
414 413 10.0 1865 122
414 415 10.0 1703 114
414 435 10.0 1694 125
415 394 10.0 1839 154
415 414 10.0 1503 140
415 416 10.0 1719 197
415 436 10.0 1838 135
416 395 10.0 1852 116
416 415 10.0 1561 171
416 417 10.0 1506 160
416 437 10.0 1468 116
417 396 10.0 1491 120
417 416 10.0 1620 119
417 418 10.0 1525 114
417 438 10.0 1504 199
418 397 10.0 1368 124
418 417 10.0 1575 161
418 419 10.0 1462 142
418 439 10.0 1342 164
419 398 10.0 1382 108
419 418 10.0 1206 165
419 420 10.0 1276 162
419 440 10.0 1272 118
420 399 10.0 1721 115
420 419 10.0 1158 187
420 441 10.0 1422 192
421 400 10.0 1491 139
421 422 10.0 1171 171
422 401 10.0 1125 139
422 421 10.0 1436 114
422 423 10.0 1528 103
423 402 10.0 1605 187
423 422 10.0 1819 106
423 424 10.0 1683 134
424 403 10.0 1550 148
424 423 10.0 2091 193
424 425 10.0 1929 100
425 404 10.0 1594 174
425 424 10.0 2103 199
425 426 10.0 2056 145
426 405 10.0 1933 189
426 425 10.0 2170 122
426 427 10.0 1810 132
427 406 10.0 1798 106
427 426 10.0 2269 131
427 428 10.0 1939 161
428 407 10.0 2020 183
428 427 10.0 2444 140
428 429 10.0 2010 118
429 408 10.0 1992 169
429 428 10.0 2621 199
429 430 10.0 1990 150
430 409 10.0 2195 119
430 429 10.0 2643 139
430 431 10.0 1979 167
431 410 10.0 1793 127
431 430 10.0 2767 171
431 432 10.0 2178 121
432 411 10.0 1742 181
432 431 10.0 2638 183
432 433 10.0 2279 151
433 412 10.0 2019 152
433 432 10.0 2561 185
433 434 10.0 2128 115
434 413 10.0 1794 180
434 433 10.0 2473 130
434 435 10.0 2050 134
435 414 10.0 1735 189
435 434 10.0 2237 115
435 436 10.0 1985 170
436 415 10.0 1731 175
436 435 10.0 2135 147
436 437 10.0 2034 148
437 416 10.0 1563 164
437 436 10.0 2124 199
437 438 10.0 1879 180
438 417 10.0 1631 142
438 437 10.0 2034 198
438 439 10.0 1735 165
439 418 10.0 1499 195
439 438 10.0 1923 118
439 440 10.0 1620 118
440 419 10.0 1097 156
440 439 10.0 1906 178
440 441 10.0 1244 112
441 420 10.0 1235 159
441 440 10.0 1368 137
157 311 60
425 70 50
328 280 53
234 193 60
175 106 42
291 270 60
184 227 54
155 356 51
212 19 47
391 109 60
306 254 52
356 59 50
248 202 53
408 30 59
302 280 60
188 272 49
252 346 48
170 351 66
352 100 56
235 182 58
184 218 53
93 8 45
401 51 47
393 220 56
224 440 51
312 358 50
113 294 53
91 170 50
154 187 53
403 48 55
279 342 45
353 297 50
343 439 46
414 439 41
310 384 56
125 131 54
13 68 50
85 77 60
129 200 70
156 339 43
20 223 34
33 351 50
223 415 48
102 317 57
105 365 38
114 346 62
382 32 50
218 36 52
120 100 52
110 44 57
292 209 43
441 193 51
276 27 60
378 293 44
22 312 46
288 20 53
179 390 46
144 77 48
274 341 57
41 43 41
333 231 51
407 248 57
269 191 51
78 10 56
254 387 53
263 113 49
414 332 51
343 119 46
293 405 55
327 199 56
440 34 40
96 154 45
416 81 49
57 117 45
305 89 67
280 43 48
84 148 56
15 157 44
114 200 50
373 182 66
389 325 44
335 115 53
371 284 45
104 183 52
120 172 46
135 265 46
413 190 49
295 39 40
211 283 45
426 73 49
219 392 42
326 238 42
104 349 57
173 388 50
231 337 40
189 424 47
120 193 58
248 97 39
30 147 58
197 127 52
33 418 54
13 333 48
112 394 37
33 126 54
27 266 50
315 233 46
255 199 59
215 64 43
137 350 45
197 262 44
354 375 44
137 428 56
10 422 46
13 24 47
338 295 50
203 81 49
355 100 46
127 270 35
34 89 44
361 343 40
150 196 58
80 148 50
439 157 63
377 271 45
407 97 57
127 237 47
113 11 53
147 393 50
55 85 58
92 337 45
33 94 47
183 321 44
195 169 43
346 14 54
67 204 54
25 2 53
359 236 43
52 260 45
253 60 55
300 297 58
305 264 50
189 392 44
13 162 54
135 139 46
233 424 44
266 273 49
225 89 40
153 36 40
268 23 60
333 152 59
158 406 54
208 436 42
396 195 49
40 400 53
215 188 40
298 138 62
414 258 44
428 79 45
252 255 44
225 426 45
345 49 43
313 180 44
389 64 56
430 235 55
160 196 57
433 422 43
388 50 49
175 214 53
399 290 44
273 67 59
247 301 49
68 381 47
349 382 49
379 17 46
133 90 52
32 224 43
372 304 55
311 365 47
46 153 45
23 46 46
72 154 46
379 320 56
84 55 55
20 7 46
328 293 57
436 252 57
105 337 51
111 15 43
435 72 56
127 402 47
139 187 47
245 90 58
193 441 61
238 384 55
213 429 56
123 201 56
50 111 44
234 20 44
159 39 55
233 417 49
98 217 73
27 28 55
204 266 50
418 202 58
419 362 58
97 275 51
101 406 61
21 305 50
14 120 50
279 199 43
215 358 54
390 300 48
303 43 60
51 131 47
78 110 50
303 142 54
297 372 50
379 269 60
68 374 38
325 34 54
437 237 53
12 198 60
223 128 48
410 20 44
30 282 57
417 271 49
377 433 50
230 150 40
384 263 45
2 187 41
266 400 53
158 317 56
60 197 52
286 82 46
236 148 44
121 35 53
9 346 56
132 242 41
352 187 42
428 174 50
63 348 46
354 413 48
405 342 50
410 144 59
8 92 50
125 239 60
384 311 54
42 386 57
85 273 49
90 282 46
300 362 48
231 204 36
12 421 60
58 185 53
426 94 56
67 423 47
297 294 41
414 198 51
246 142 58
162 137 51
41 285 49
318 157 58
7 137 52
421 113 37
83 65 37
407 334 52
375 376 43
176 219 53
220 305 32
194 157 42
372 351 65
143 94 44
231 256 60
63 25 47
146 4 45
380 255 55
352 175 61
402 300 43
324 401 45
162 253 45
265 107 49
25 50 47
9 393 62
175 314 44
51 328 53
58 95 42
126 282 52
336 105 62
203 310 56
243 297 42
43 39 50
438 166 56
258 89 38
139 165 47
311 96 52
348 61 48
20 156 52
387 386 54
141 233 43
168 390 53
438 230 47
135 208 50
152 358 48
424 64 56
406 375 44
188 395 46
387 333 54
239 109 55
397 26 43
52 300 53
209 261 49
357 378 47
355 35 50
387 311 51
209 10 40
356 142 31
243 401 49
67 376 41
307 21 35
28 284 48
269 96 62
283 80 49
152 280 54
193 164 55
247 103 47
390 321 61
440 319 53
53 348 41
73 422 54
312 259 48
399 182 46
235 28 55
149 147 62
190 337 50
6 405 61
186 255 53
58 346 43
55 239 41
131 67 48
247 226 47
112 86 50
59 111 58
332 236 50
211 412 56
162 138 43
411 28 43
71 12 44
185 16 45
15 243 47
34 294 58
300 49 56
354 339 59
347 395 46
102 56 57
78 130 42
296 122 55
203 388 54
29 361 47
17 397 45
346 283 50
12 168 56
369 359 51
60 232 53
126 33 40
393 324 39
145 59 58
37 55 59
406 270 47
390 330 55
263 404 37
112 93 65
33 130 44
263 37 48
86 18 45
369 202 57
136 66 59
296 51 53
274 204 55
207 185 54
252 390 49
103 415 35
368 62 48
194 286 54
299 380 39
356 184 52
251 95 50
67 84 57
12 93 42
287 89 59
28 59 49
398 359 61
99 106 57
121 432 54
84 17 54
371 53 50
174 165 50
257 90 46
69 272 60
83 328 47
110 107 52
249 270 49
398 427 40
373 437 54
332 96 45
144 194 50
260 33 64
439 243 33
217 279 49
105 278 46
122 163 39
83 289 46
169 27 53
242 401 50
141 37 48
84 197 55
105 63 57
20 186 50
435 263 64
315 179 56
126 384 50
156 371 47
42 145 61
3 178 57
15 91 45
216 30 48
434 225 43
290 384 45
259 307 44
40 433 39
278 323 49
58 356 59
93 130 48
99 140 45
109 78 53
156 235 58
290 30 57
410 173 61
121 42 60
410 330 51
135 203 49
183 294 52
39 188 56
93 303 50
396 145 55
170 353 52
181 47 47
130 409 56
350 117 49
425 338 41
404 340 50
82 28 48
180 379 64
341 82 58
137 93 42
37 164 50
79 383 49
25 75 43
407 439 45
162 334 47
212 193 46
311 182 43
35 175 53
295 84 61
221 382 44
201 76 52
402 17 48
403 164 50
240 177 48
56 124 52
212 228 33
45 147 36
157 74 59
390 264 53
245 260 64
328 198 47
346 330 60
187 15 51
127 176 60
198 268 50
301 291 49
133 56 49
228 61 47
77 378 50
118 281 45
439 191 47
386 152 50
245 88 41
55 95 55
433 98 55
9 150 58
221 356 53
182 71 45
146 376 48
4 223 47
73 441 36
320 310 43
385 248 48
46 218 58
26 338 47
400 383 50
