100 36 120
1 0 10000
1 10 10
2 10 20
3 10 30
4 10 40
5 10 50
6 10 60
7 20 10
8 20 20
9 20 30
10 20 40
11 20 50
12 20 60
13 30 10
14 30 20
15 30 30
16 30 40
17 30 50
18 30 60
19 40 10
20 40 20
21 40 30
22 40 40
23 40 50
24 40 60
25 50 10
26 50 20
27 50 30
28 50 40
29 50 50
30 50 60
31 60 10
32 60 20
33 60 30
34 60 40
35 60 50
36 60 60
1 2 10.0 255 109
1 7 10.0 243 147
2 1 10.0 188 136
2 3 10.0 284 136
2 8 10.0 192 125
3 2 10.0 329 186
3 4 10.0 325 183
3 9 10.0 419 139
4 3 10.0 328 149
4 5 10.0 398 140
4 10 10.0 287 199
5 4 10.0 369 187
5 6 10.0 325 142
5 11 10.0 277 132
6 5 10.0 204 117
6 12 10.0 278 132
7 1 10.0 320 111
7 8 10.0 278 182
7 13 10.0 372 137
8 2 10.0 346 105
8 7 10.0 330 101
8 9 10.0 245 122
8 14 10.0 345 169
9 3 10.0 310 150
9 8 10.0 416 112
9 10 10.0 221 140
9 15 10.0 369 125
10 4 10.0 252 123
10 9 10.0 383 200
10 11 10.0 313 109
10 16 10.0 326 172
11 5 10.0 251 190
11 10 10.0 399 103
11 12 10.0 318 183
11 17 10.0 421 172
12 6 10.0 284 106
12 11 10.0 275 179
12 18 10.0 395 150
13 7 10.0 292 147
13 14 10.0 255 171
13 19 10.0 401 183
14 8 10.0 338 110
14 13 10.0 431 199
14 15 10.0 287 132
14 20 10.0 370 176
15 9 10.0 323 107
15 14 10.0 350 105
15 16 10.0 445 196
15 21 10.0 406 137
16 10 10.0 426 130
16 15 10.0 401 133
16 17 10.0 540 162
16 22 10.0 296 164
17 11 10.0 373 103
17 16 10.0 485 165
17 18 10.0 566 155
17 23 10.0 356 127
18 12 10.0 475 118
18 17 10.0 421 150
18 24 10.0 401 136
19 13 10.0 462 163
19 20 10.0 325 139
19 25 10.0 338 161
20 14 10.0 452 194
20 19 10.0 245 153
20 21 10.0 334 196
20 26 10.0 326 170
21 15 10.0 334 107
21 20 10.0 344 187
21 22 10.0 461 199
21 27 10.0 382 103
22 16 10.0 548 178
22 21 10.0 355 109
22 23 10.0 427 142
22 28 10.0 367 165
23 17 10.0 437 196
23 22 10.0 484 198
23 24 10.0 401 117
23 29 10.0 265 181
24 18 10.0 438 197
24 23 10.0 238 188
24 30 10.0 283 139
25 19 10.0 330 156
25 26 10.0 240 127
25 31 10.0 320 179
26 20 10.0 373 137
26 25 10.0 257 175
26 27 10.0 283 198
26 32 10.0 214 195
27 21 10.0 389 158
27 26 10.0 314 158
27 28 10.0 397 109
27 33 10.0 328 121
28 22 10.0 588 181
28 27 10.0 459 136
28 29 10.0 490 173
28 34 10.0 224 147
29 23 10.0 528 161
29 28 10.0 356 123
29 30 10.0 274 150
29 35 10.0 345 158
30 24 10.0 373 134
30 29 10.0 261 152
30 36 10.0 230 171
31 25 10.0 170 185
31 32 10.0 369 147
32 26 10.0 269 192
32 31 10.0 139 172
32 33 10.0 483 111
33 27 10.0 375 188
33 32 10.0 227 116
33 34 10.0 414 180
34 28 10.0 527 132
34 33 10.0 414 154
34 35 10.0 384 145
35 29 10.0 300 196
35 34 10.0 390 185
35 36 10.0 266 170
36 30 10.0 249 115
36 35 10.0 252 180
18 16 52
11 18 64
36 8 50
11 10 47
17 15 61
16 20 65
19 13 56
34 22 46
5 36 50
27 22 59
35 11 38
7 2 53
25 2 52
10 17 51
34 10 58
27 18 51
15 28 41
14 31 62
23 6 58
35 29 54
26 24 56
29 16 45
36 6 45
16 18 51
20 18 53
5 12 37
11 25 52
19 26 46
4 35 44
21 20 55
19 18 41
14 33 60
19 2 69
8 3 51
1 13 53
31 24 55
29 26 44
8 20 49
29 2 44
1 16 59
15 33 45
12 5 59
28 11 46
4 12 48
28 23 57
31 32 52
3 22 52
5 13 43
17 27 49
34 5 50
22 27 47
18 36 46
3 17 52
32 13 57
20 11 58
29 21 45
15 26 46
15 17 53
5 22 64
31 35 52
35 22 46
5 1 51
15 2 53
34 12 41
31 36 52
30 1 50
5 27 51
26 15 48
35 27 36
3 6 54
6 18 31
18 9 53
27 31 52
32 24 61
21 11 36
22 21 53
25 19 51
7 33 48
31 28 50
23 13 49
11 14 45
28 16 47
36 14 52
34 33 51
27 19 60
1 35 52
19 31 53
29 12 54
21 23 49
11 16 57
25 4 63
14 35 63
4 24 38
34 13 46
3 5 56
18 14 65
28 8 43
11 1 56
28 27 51
23 27 54
